/*--------------------------------*- C++ -*----------------------------------*\
| =========                 |                                                 |
| \\      /  F ield         | OpenFOAM: The Open Source CFD Toolbox           |
|  \\    /   O peration     | Version:  v1912                                 |
|   \\  /    A nd           | Website:  www.openfoam.com                      |
|    \\/     M anipulation  |                                                 |
\*---------------------------------------------------------------------------*/
FoamFile
{
    version     2.0;
    format      ascii;
    class       faceSet;
    location    "constant/polyMesh/sets";
    object      layerFaces;
}
// * * * * * * * * * * * * * * * * * * * * * * * * * * * * * * * * * * * * * //


11200
(
114690
98307
114695
114698
98316
114703
98320
114705
114708
114710
98327
114713
98330
114715
114718
98335
114721
98340
114726
114729
98349
114734
114737
98353
114742
114744
98360
114747
98363
114748
114749
114751
98368
114754
114756
98372
114759
114762
98379
114767
98383
114770
98390
114775
114777
98393
114780
114782
98398
114785
114787
98403
114790
114793
98412
114798
98416
114801
114806
98423
114809
98426
114814
98431
114816
114819
114820
98436
114821
114823
114826
114828
98445
114831
98449
114834
114839
98456
114842
98459
114847
98464
114849
114852
98468
114856
98475
114863
98479
114868
98486
98489
114877
98494
114880
98498
114885
98505
114890
98509
114899
98516
114902
98519
114907
98524
114912
98528
98535
114921
98539
114924
114929
98546
98549
114934
98554
114943
98559
114948
98568
98572
114957
114960
98579
114965
98582
114970
98587
98592
114979
114982
98601
114987
98605
114992
98612
98615
115001
115004
98620
98624
115009
115014
98631
98635
115023
98642
115028
98645
98650
115037
98655
115040
115045
98664
115050
98668
115059
98675
115062
98678
115067
98683
115072
98688
115081
98697
115084
98701
115089
98708
115094
98711
98716
115103
98720
115108
98727
98731
115117
115120
98738
115125
98741
115130
98746
98750
115139
98757
115142
98761
115147
115152
98768
98771
98776
115161
115164
98780
115169
98787
115174
98791
98798
115183
98801
115188
98806
98811
115197
115200
98820
115205
98824
115210
98831
98834
115219
115222
98839
115227
98844
115232
98853
115241
98857
115244
98864
115249
98867
115254
98872
98876
115263
98883
115268
98887
115277
98894
115280
98897
115285
98902
115290
98907
115299
98916
115302
98920
115307
98927
115312
98930
98935
115321
98939
115324
115329
98946
115334
98950
98957
115343
98959
98962
115348
98966
115357
98973
115360
98977
115365
98984
115370
98987
98992
115379
98996
115382
115387
99003
99007
115392
99014
115401
99017
115404
99022
115409
99026
115414
99033
99037
115423
115428
99044
99047
99052
115437
115440
99056
115445
99063
115450
99067
99074
115459
99077
115462
99082
115467
99086
115472
99093
115481
99097
115484
99104
115489
99107
115494
99112
99116
115503
99123
115508
99127
115517
99134
115520
99137
115525
99142
115530
99146
99153
115539
99157
115542
115547
99164
99167
115552
99172
99176
115561
115564
99183
115569
99187
115574
99194
99197
115583
99202
115588
99206
115597
99213
115600
99217
115605
99224
115610
99227
99232
115619
99236
115622
115627
99243
99247
115632
99254
115641
99257
115644
99262
115649
99266
115654
99273
99277
115663
115668
99284
99287
99292
115677
115680
99296
115685
99303
115690
99307
99314
115699
99317
115702
99322
115707
99326
115712
99333
115721
99337
115724
99344
115729
99347
115734
99352
99356
115743
99363
115748
99367
115757
99374
115760
99377
115765
99382
115770
99386
99393
115779
99397
115782
115787
99404
99407
115792
99412
99416
115801
115804
99423
115809
99427
115814
99434
99437
115823
99442
115828
99446
115837
99453
115840
99457
115845
115847
99464
115850
99467
115852
115855
115856
99472
115857
115858
115859
99476
115861
115864
115866
99483
115869
115871
99487
115874
115875
115876
115878
99494
115881
99497
115883
115886
99502
115887
115888
115889
115890
99506
115892
115895
115897
99513
115900
99517
115902
115905
115906
115907
99524
115909
99527
115912
115914
99532
115917
115918
115919
115920
99536
115921
115923
115926
99543
115928
115931
99547
115933
115936
115937
115938
99554
115940
99557
115943
115945
99562
115948
115949
115950
99566
115951
115952
115954
115957
99573
115959
99577
115962
115964
115967
115968
99584
115969
115971
99587
115974
115976
99592
115979
115980
99596
115981
115982
115983
115985
99603
115988
115990
99607
115993
115995
115998
99614
115999
116000
99617
116002
116005
99622
116007
116010
99626
116011
116012
116013
116014
116016
99633
116019
116021
99637
116024
116026
99644
116029
116030
116031
99647
116033
116036
99652
116038
99656
116041
116042
116043
116044
116045
116046
116047
99663
116048
116049
116050
116051
99667
116052
116053
116054
116055
116056
116057
116058
99674
116059
116060
116061
99677
116062
116063
116064
116065
116066
99682
116067
116068
116069
116070
99686
116071
116072
116073
116074
116075
116076
116077
99693
116078
116079
116080
116081
99697
116082
116083
116084
116085
116086
116087
116088
99704
116089
116090
116091
99707
116092
116093
116094
116095
116096
99712
116097
116098
116099
116100
99716
116101
116102
116103
116104
116105
116106
116107
99723
116108
116109
116110
116111
99727
116112
116113
116114
116115
116116
116117
116118
99734
116119
116120
116121
99737
116122
116123
116124
116125
116126
99742
116127
116128
116129
116130
99746
116131
116132
116133
116134
116135
116136
116137
99753
116138
116139
116140
116141
99757
116142
116143
116144
116145
116146
116147
116148
99764
116149
116150
116151
99767
116152
116153
116154
116155
116156
99772
116157
116158
116159
116160
99776
116161
116162
116163
116164
116165
116166
116167
99783
116168
116169
116170
116171
99787
116172
116173
116174
116175
116176
116177
116178
99794
116179
116180
116181
99797
116182
116183
116184
116185
116186
99802
116187
116188
116189
116190
99806
116191
116192
116193
116194
116195
116196
116197
99813
116198
116199
116200
116201
99817
116202
116203
116204
116205
116206
116207
116208
99824
116209
116210
116211
99827
116212
116213
116214
116215
99832
116218
99836
116223
116227
99843
99847
116234
99854
116239
99857
99862
116248
99866
116253
99873
99877
116262
116266
99884
99887
116273
99892
116277
99896
116284
99903
116289
99907
116298
99914
99917
116303
99922
99926
116312
116316
99933
99937
116323
116327
99944
99947
116334
99952
116339
99956
99963
116348
99967
116353
99974
99977
116362
116366
99982
99986
116373
116377
99993
99997
116384
100004
116389
100007
100012
116398
100016
116403
100023
100027
116412
116416
100034
100037
116423
100042
116427
100046
116434
100053
116439
100057
116448
100064
100067
116453
100072
100076
116462
116466
100083
100087
116473
116477
100094
100097
116484
100102
116489
100106
100113
116498
100117
116503
100124
100127
116512
116516
100132
100136
116523
116527
100143
100147
116534
116536
100154
116539
116541
100157
116544
116546
100162
116549
116550
100166
116551
116553
116556
100173
116558
116561
100177
116563
116566
116567
116568
100184
116570
100187
116573
116575
100192
116578
116580
100196
116583
116584
116585
116587
100203
116590
100207
116592
116595
116597
100214
116600
116601
100217
116602
116604
100222
116607
116609
100226
116612
116614
116617
100233
116618
116619
116621
100237
116624
116626
100244
116629
116631
100247
116634
116635
116636
100252
116638
100256
116641
116642
116643
116645
100263
116648
116650
100267
116653
116655
116658
100274
116659
116660
100277
116662
116665
100282
116667
116670
100286
116671
116672
116673
116674
116676
100293
116679
116681
100297
116684
116686
100304
116689
116690
116691
100307
116693
116696
100312
116698
100316
116701
116702
116703
116704
116705
116707
100323
116710
100327
116712
116715
116717
100334
116720
116721
100337
116722
116724
100342
116727
116729
100346
116732
116733
116734
116735
116736
100353
116738
116741
100357
116743
116746
116748
100364
116751
100367
116752
116753
116755
100372
116758
116760
100376
116763
116764
116765
116766
116767
100383
116769
100387
116772
116774
116777
100394
116779
100397
116782
116783
116784
116786
100402
116789
100406
116791
116794
116795
116796
116797
100413
116798
116800
100417
116803
116805
116808
100424
116810
100427
116813
116814
116815
100432
116817
100435
116820
116822
100440
116825
116826
116827
116828
100444
116829
116831
116834
116835
100451
116836
116837
100453
116838
116839
116840
100456
116841
116842
116843
100459
116844
116845
116846
116847
116848
100464
116849
116850
116851
100467
116852
116853
116854
116855
116856
100472
116857
116858
116859
100475
116860
116861
116862
116863
116864
100480
116865
116866
116867
100483
116868
116869
116870
116871
116872
100488
116873
116874
116875
100491
116876
116877
116878
116879
116880
100496
116881
116882
116883
100499
116884
116885
116886
116887
116888
100504
116889
116890
116891
100507
116892
116893
116894
116895
116896
100512
116897
116898
116899
100515
116900
116901
116902
116904
100520
116907
100523
116909
116912
100528
116914
100531
116917
116918
116919
100536
116921
100539
116924
116926
100544
116929
116930
116931
100547
116932
116933
116935
100552
116938
100555
116940
116943
100560
116945
100563
116948
116949
116950
116952
100568
116955
100571
116957
116960
100576
116961
116962
116963
100579
116964
116966
100584
116969
116971
100587
116974
116976
100592
116979
100595
116980
116981
116983
100600
116986
100603
116988
116991
116992
100608
116993
116994
116995
100611
116997
117000
100616
117002
100619
117005
117007
100624
117010
117011
100627
117012
117014
100632
117017
117019
100635
117022
117023
117024
100640
117025
117026
100643
117028
117031
100648
117033
117036
100652
117038
117041
117042
117043
100659
117045
100662
117048
117050
100667
117053
117054
100670
117055
117056
117057
117059
100675
117062
100678
117064
117067
100683
117069
100686
117072
117073
117074
100691
117076
100693
117079
100696
117081
100699
117084
117085
117086
117087
117088
100704
117089
117090
117091
117092
100708
117093
117094
117095
117096
117097
117098
117099
100715
117100
117101
117102
100718
117103
117104
117105
117106
117107
100723
117108
117109
117110
100726
117111
117112
117113
117114
117115
100731
117116
117117
117118
117119
100735
117120
117121
117122
117123
117124
117125
117126
100742
117127
117128
117129
100745
117130
117131
117132
117133
117134
100750
117135
117136
117137
100753
117138
117139
117140
117141
117142
100758
117143
117144
117145
117146
100762
117147
117148
117149
117150
117151
117152
117153
100769
117154
117155
117156
100772
117157
117158
117159
117160
117161
100777
117162
117163
117164
100780
117165
117166
117167
117168
117169
100785
117170
117171
117172
117173
100789
117174
117175
117176
117177
117178
117179
117180
100796
117181
117182
117183
100799
117184
117185
117186
117187
117188
100804
117189
117190
117191
100807
117192
117193
117194
117195
117196
100812
117197
117198
117199
117200
100816
117201
117202
117203
117204
117205
117206
117207
100823
117208
117209
117210
100826
117211
117212
117213
117214
117215
100831
117216
117217
117218
100834
117219
117220
117221
117222
117223
100839
117224
117225
117226
100842
117227
117228
117229
117230
117231
100847
117232
117233
117234
100850
117235
117236
117238
100855
117241
100857
117244
100860
100863
117249
117252
100868
100872
117257
117260
100879
117265
100882
117268
100887
117273
100890
117276
100895
117281
100898
117284
100903
117289
100906
117292
100911
117297
100913
117300
100916
100919
117305
117308
100924
100928
117313
117316
100935
117321
100938
117324
100943
117329
100946
117332
100951
117337
100955
117340
117345
100962
117348
100965
117353
100970
117356
100973
117361
100978
117364
100982
117369
117372
100989
100992
117377
117380
100997
101000
117385
117388
101005
117393
101009
117396
101016
117401
101019
117404
101024
117409
101027
117412
101032
117417
117420
101036
117425
101043
117428
101046
117433
101051
117436
101054
117441
101059
117444
101062
117449
101067
117452
101070
117457
101075
117460
101077
101080
117465
101083
117468
101088
117473
117476
101092
117481
101099
117484
101102
84720
117489
101107
117492
84724
101110
117497
101115
84731
117500
101118
84736
117505
101123
117508
101126
117513
84745
101131
117516
101133
84750
101136
117521
101139
117524
84759
101144
117529
117532
101148
84764
117537
101155
117540
84773
101158
117545
84778
101163
117548
101166
117553
101171
84787
117556
101175
84792
117561
117564
101182
117569
101185
84801
117572
101190
84806
117577
101193
117580
101198
84815
117585
101202
117588
84820
117593
101209
117596
101212
84829
117601
101217
84834
117604
101220
117609
101225
84843
117612
101229
84848
117617
117620
101236
101239
117625
84857
117628
101244
84862
101247
117633
117636
101252
84871
101256
117641
117643
84876
117646
101263
117649
101266
84885
117654
101271
117657
101274
84890
117662
101279
117664
101282
117667
84899
117670
101287
84904
101290
117675
117678
101295
101297
84913
117683
101300
117685
84918
101303
117688
117691
101308
84927
117696
101312
117699
84932
101319
117704
117706
101322
117709
84941
101327
117712
101330
84946
117717
101335
117720
101338
84955
117725
117727
101343
84960
117730
101346
117733
101351
101353
84969
117738
101356
117741
84974
101359
117746
117748
101364
117751
84983
101368
117754
84988
117759
101375
117762
101378
84997
117767
101383
117769
101386
85002
117772
117775
101391
101395
85011
117780
117783
85016
101402
117788
101405
117790
117793
85025
101410
117796
101413
85030
117801
101418
117804
101422
85039
117809
117811
85044
101429
117814
101432
117817
101437
85053
117822
101440
117825
85058
101445
117830
117832
101449
117835
85067
117838
101456
85072
117843
101459
117846
101464
85081
117851
101467
117853
85086
117856
101472
117859
101476
85095
117864
117867
101483
85100
101486
117872
117874
101491
117877
85109
101494
117880
85114
101499
117885
101502
117888
101507
85123
117893
101510
117895
85128
117898
101515
117901
101517
101520
85137
117906
101523
117909
85142
101528
117914
117916
101532
117919
85151
117922
101539
85156
101542
117927
117930
101547
85165
101550
117935
117937
85170
101555
117940
101558
117943
101563
85179
117948
101566
117951
85184
101571
117956
101573
117958
101576
117961
85193
101579
117964
85198
101584
117969
117972
101588
85207
117977
117979
101595
85212
117982
101598
117985
101603
85221
117990
101606
117993
85226
101611
117998
101615
118000
118003
85235
118006
101622
85240
101625
118011
118014
101630
101633
85249
118019
118021
101638
85254
118024
101642
118027
85263
118032
101649
118035
101652
85268
118040
101657
118042
101660
118045
85277
118048
101665
85282
118053
101669
118056
85291
101676
118061
118063
101679
85296
118066
101684
118069
101687
85305
118074
101692
118077
85310
101696
118082
118084
118087
101703
85319
118090
101706
85324
118095
101711
118098
101714
85333
118103
101719
118105
101722
85338
118108
118111
101727
101730
85347
118116
118119
101735
85352
101737
118124
101740
118126
101743
118129
85361
118132
101748
85366
101752
118137
118140
101759
85375
118145
101762
118147
85380
118150
101767
118153
101770
85389
118158
101775
118161
101778
85394
118166
101783
118168
101786
118171
85403
118174
101791
85408
101793
118179
101796
118182
101799
85417
118187
101804
118189
85421
118192
101808
118195
85428
101815
118200
85433
101818
118203
101823
118208
118210
101826
85442
118213
101831
85447
118216
101835
118221
118224
85456
101842
118229
101845
85461
118231
118234
101850
118237
101853
85470
118242
101858
85475
118245
101862
118250
118252
85484
101869
118255
101872
85489
118258
101877
118263
101880
118266
85498
101885
118271
85503
118273
101889
118276
118279
101896
85512
101899
118284
85517
118287
101904
101907
118292
118294
85526
101912
118297
85531
118300
101916
118305
101923
118308
85540
101926
118313
85545
118315
101931
118318
101934
118321
85554
101939
118326
101942
85559
118329
101947
118334
101950
118336
85568
118339
101955
101957
85573
118342
101960
118347
101963
118350
85582
101968
118355
85587
101972
118357
118360
118363
101979
85596
101982
118368
85601
118371
101987
101990
118376
118378
85610
101995
118381
101998
85615
118384
102003
118389
102005
118392
102008
85624
102010
118397
102013
85629
118399
102015
118402
102018
118405
85638
102023
118410
85643
118413
102032
118418
118420
85652
102037
118423
85657
118426
102046
118431
118434
102050
85666
118439
85671
118441
102057
118444
102061
118447
85680
118452
102068
85685
118455
102072
118460
118462
85694
102079
118465
102083
85699
118468
118473
102090
118476
85708
102095
118481
85713
118483
118486
102104
118489
85722
102109
118494
85727
118497
118502
102118
118504
85736
118507
102123
85741
118510
118515
102132
118518
85750
102136
118523
85755
118525
102143
118528
118531
102147
85764
118536
85769
102154
118539
102158
118544
118546
85778
118549
102165
85783
118552
102169
118557
118560
102176
85792
118565
102181
85797
118567
118570
118573
102190
85806
118578
102195
85811
118581
118586
118588
102204
85820
118591
102209
85825
118594
118599
118602
102218
85834
102222
118607
85839
118609
118612
102229
118615
85848
102233
118620
85853
118623
102240
118628
102244
118630
85862
118633
102251
85867
118636
102255
118641
118644
85876
102262
118649
85881
118651
102267
118654
118657
85890
102276
118662
85895
118665
102281
118670
118672
85904
102290
118675
118677
85909
102295
118680
118682
118685
85918
118687
102304
118690
85923
102308
118693
118698
102315
118700
85932
118703
102319
118705
85937
118708
102326
118711
102330
85946
118716
118718
85951
118721
102337
118723
102341
118726
85960
118729
102348
85965
118734
118736
102353
118739
118741
85974
118744
102362
118747
85979
102367
118752
118754
85988
118757
118759
102376
85993
118762
118765
102381
118770
86002
118772
102390
118775
86007
118777
102394
118780
118783
86016
102401
118788
102405
86021
118790
118793
118795
102412
118798
86030
102416
118801
86035
118806
102423
118808
118811
102427
86044
118813
118816
86049
102434
118819
102439
118824
118826
86058
118829
118831
86063
102448
118834
118837
102453
86072
118842
118844
86077
102462
118847
118849
102467
118852
86086
118855
86091
118860
102476
118862
102480
118865
118867
86100
118870
102487
118873
86105
102491
118878
118880
102498
86114
118883
118885
102502
86118
118888
118891
102509
86125
118896
102513
118898
86130
118901
118903
102520
118906
86139
118909
102525
86144
118914
118916
102534
118919
118921
86153
102539
118924
86158
118927
118932
102548
118934
102551
86167
118937
118939
102556
86172
118942
102560
118945
86181
118950
102567
118952
102570
86186
118955
118957
102575
118960
118963
102579
86195
118968
86200
118970
102586
118973
102589
118975
86209
118978
102594
118981
102598
86214
118986
118988
102605
118991
86223
102608
118993
118996
86228
102613
118999
102617
119004
86237
119006
102624
119009
86242
119011
102627
119014
102632
119017
86251
102636
119022
119024
86256
119027
102643
119029
102646
119032
86265
119035
102651
86270
102655
119040
119042
119045
102662
119047
86279
102665
119050
86284
119053
102670
119058
102674
119060
86293
119063
119065
102681
86298
119068
102684
119071
102689
86307
119076
102693
119078
86312
119081
119083
102700
119086
102703
119089
86321
102708
119094
86326
119096
102712
119099
119101
102719
86335
119104
102722
119107
86340
102727
119112
119114
102731
119117
86349
119119
119122
102738
86354
119125
102741
119130
102746
86363
119132
102750
119135
86368
119137
119140
102757
119143
102760
86377
119148
102765
119150
86382
119153
102769
119155
119158
86391
102776
119161
102779
86396
119166
119168
102784
119171
102788
119173
86405
119176
86410
119179
102795
102798
119184
119186
102803
86419
119189
119191
102807
86424
119194
119197
102814
102817
86433
119202
119204
102822
86438
119207
119209
102826
119212
119215
86447
102833
119220
102836
86452
119222
119225
102841
119227
102845
86461
119230
119233
86466
102852
119238
102855
119240
119243
86475
102860
119245
119248
102864
86480
119251
102871
119256
86489
119258
102874
119261
86494
119263
102879
119266
102883
119269
86503
119274
102890
119276
86508
102893
119279
119281
102898
119284
86517
102902
119287
86522
119292
102909
119294
102912
119297
119299
86531
102917
119302
86536
119305
102921
119310
119312
102928
86545
119315
102931
119317
86550
119320
102936
119323
102940
86559
119328
119330
102947
86564
119333
102950
119335
119338
102955
119341
86573
102959
119346
86578
119348
102966
119351
119353
102969
86587
119356
102974
119359
86592
102978
119364
119366
119369
102985
86601
119371
102988
119374
86606
119377
102993
102997
119382
86615
119384
119387
103004
86620
119389
103007
119392
119395
103012
86629
119400
103016
119402
86634
119405
119407
103023
119410
103026
86643
119413
103031
86648
119418
103035
119420
119423
119425
86657
103042
119428
103045
86662
119431
103050
119436
119438
103054
86671
119441
119443
86676
103061
119446
103064
119449
103069
86685
119454
119456
103073
86690
119459
119461
119464
103080
119467
103083
86699
119472
103088
86704
119474
103092
119477
119479
86713
119482
103099
119485
103102
86718
119490
103107
119492
119495
103111
86727
119497
119500
86732
103118
119503
103121
119508
86741
119510
103126
119513
103130
86746
119515
119518
119521
103137
86755
103140
119526
119528
86760
103145
119531
119533
103149
119536
86769
119539
103156
86774
103159
119544
119546
103164
119549
119551
86783
103168
119554
86788
119557
103175
119562
103178
119564
86797
119567
103183
119569
86802
103187
119572
119574
119577
103194
119579
86811
103197
119582
86815
119584
103202
119587
119589
103206
86822
119592
119594
86827
119597
103213
119599
103216
119602
119604
86836
103221
119607
119609
103225
86841
119612
119614
103232
119617
86850
119619
103235
119622
86855
119624
103240
119627
103244
119629
119632
86864
119634
103251
119637
86869
103254
119639
119642
103259
119644
86878
119647
103263
119649
86883
119652
119654
103270
119657
103273
119659
86892
119662
103278
119664
86897
103282
119667
119669
119672
103289
119674
86906
103292
119677
119679
86911
103297
119682
119684
103301
119687
86920
119689
119692
103308
86925
119694
103311
119697
119699
103316
119702
86934
119704
103320
119707
86939
119709
103327
119712
119714
103330
86948
119717
119719
103335
86953
119722
103339
119724
119727
119729
103346
86962
119732
103349
119734
86967
119737
103354
119739
119742
103358
119744
86976
119747
119749
103365
86981
119752
103368
119754
119757
103373
86990
119759
103377
119762
86995
119764
119767
103384
119769
103387
119772
87004
119774
103392
119777
87009
119779
103396
119782
119784
87018
119787
103403
119789
103406
87023
119792
119794
103411
119797
119799
103415
87032
119802
119804
87037
103422
119807
119809
103425
119812
119814
103430
87046
119817
103434
119819
87051
119822
119824
103441
119827
103444
87060
119830
103449
87065
119835
103453
119838
87074
119843
103460
119846
103463
87079
119851
103468
119854
103472
87088
119859
87093
119863
103479
103482
119870
87102
103487
119873
103490
87107
119878
103495
103496
119881
103497
103498
103499
103500
87116
103501
119886
103502
103503
103504
119889
103505
87121
103506
103507
103508
103509
119894
103510
103511
103512
119897
103513
103514
87130
103515
103516
103517
119902
103518
103519
87135
103520
103521
119906
103522
103523
103524
103525
103526
103527
103528
87144
119913
103529
103530
103531
119916
103532
103533
87149
103534
103535
103536
119921
103537
103538
103539
119924
103540
103541
103542
87158
103543
103544
119929
103545
103546
103547
87163
119932
103548
103549
103550
103551
103552
119937
103553
103554
103555
119940
103556
87172
103557
103558
103559
103560
119945
103561
87177
103562
103563
103564
119949
103565
103566
103567
103568
103569
103570
87186
103571
119956
103572
103573
103574
119959
103575
87191
103576
103577
103578
103579
119964
103580
103581
103582
119967
103583
103584
87200
103585
103586
103587
119972
103588
103589
87205
103590
119975
103591
103592
103593
103594
103595
119980
103598
87214
119983
103603
87219
119988
103607
119992
87228
103614
119999
103617
87233
120002
103622
120007
103625
120010
87242
103630
120015
87247
120018
103634
120023
87256
103641
120026
103645
87261
120031
120035
103652
87270
103657
120042
87275
120045
120050
103666
87284
120053
103669
87289
120058
103674
120061
103677
120066
103682
87298
120069
103685
87303
120074
103690
103693
120078
87312
103698
120085
87317
103702
120088
120093
103709
87326
120096
103712
87331
120101
103717
120104
103720
87340
120109
103725
120112
103729
87345
120117
103736
120121
87354
103740
87359
120128
120131
103747
120136
103752
87368
120139
87373
120144
103761
120147
103764
87382
120152
103769
120155
87387
103772
120160
103777
120164
103780
87396
103785
87401
120171
103788
120174
103793
87410
120179
103797
120182
87415
120187
103804
120190
103807
87424
120195
103812
87429
120198
103815
120203
103820
87438
120207
103824
87443
120214
103831
120217
103835
87452
120222
120225
87457
103842
120230
103847
120233
87466
120238
87471
103856
120241
103859
120246
103864
87480
120250
103867
87485
103872
120257
103875
120260
87494
103880
120265
103883
87499
120268
103888
120273
120276
103892
87508
87512
120281
103899
120284
103902
87519
120289
103907
87524
120293
103910
103915
120300
87533
120303
103919
87538
120308
103926
120311
103930
87547
120316
120319
87552
103937
120324
103942
120327
87561
120332
87566
103951
120336
103954
120343
103959
87575
120346
103962
87580
120351
103967
120354
103970
87589
120359
103975
120362
103978
87594
120367
103983
120369
103987
87603
120372
120376
87608
103994
103997
120383
120384
120385
87617
104002
120387
104005
120390
87622
120394
104010
104014
87631
120401
120402
120403
87636
120405
104021
120408
104025
120412
87645
104032
87650
120419
120421
104037
120424
120426
87659
120429
104046
87664
120433
104049
104054
120440
120441
104057
87673
120442
120444
104062
87678
120447
104065
120451
104070
87687
104073
120458
120459
120460
87692
104078
120465
104082
87701
104089
120474
87706
120475
120476
104092
120477
120478
120480
104097
120483
87715
104100
120487
87720
104105
104109
120494
120496
87729
120499
104116
120501
87734
120504
104120
120508
104127
87743
120515
120516
104132
87748
120517
120519
120522
104141
87757
120526
104144
87762
120533
104149
120534
120535
104152
120537
87771
120540
104157
120544
104160
87776
104165
120551
120552
104168
120553
87785
120555
104173
120558
87790
104177
120562
87799
104184
120569
120571
104188
87804
120574
120576
120579
104195
87813
120583
104200
87818
120590
120591
120592
104209
120594
87827
120597
104214
87832
120601
104223
120608
120609
87841
120610
104228
87846
120615
104237
87855
120624
120625
104241
120626
120627
120628
87860
120630
104248
120633
120637
104253
87869
87874
120644
120646
104262
120649
104266
120651
87883
120654
87888
104273
120658
104277
120665
87897
120666
120667
104284
120669
87902
120672
104288
120676
104295
87911
120683
120684
104300
87916
120685
120687
120690
104309
87925
120694
104314
87930
120701
120702
120703
120705
104323
87939
120708
120712
104328
87944
120719
120721
104337
87953
120724
104341
120726
87958
120729
104348
120733
87967
104353
120740
87972
120741
120742
120744
104362
120747
87981
104366
120751
87986
104373
120758
120759
120760
104377
87995
120765
104384
88000
104388
120774
120775
120776
120777
88009
120778
104395
120780
88014
120783
104400
120787
88023
104409
120794
120796
88028
104414
120799
120801
120804
88037
104423
120808
88042
104428
120815
120816
120817
120819
88051
104437
120822
88056
104441
120826
104448
120833
88065
120834
120835
120837
104453
88070
120840
120844
104462
88079
104466
120851
120852
88084
120853
120855
104473
120858
104477
88093
120862
88098
104484
120869
120871
104488
120874
88107
120876
120879
104495
88112
120883
104500
88121
120890
120891
120892
104509
120894
88126
120897
104514
120901
88135
104523
120908
88140
120909
120910
104528
120915
88149
104537
88154
120924
120925
104541
120926
120927
120928
120930
88163
104548
120933
88168
120937
104553
120944
88177
120946
104562
120949
104566
88182
120951
120954
104573
120958
88191
104577
88196
120965
120966
120967
104584
120969
120972
104588
88205
120976
88209
104595
120983
120984
104600
88216
120985
120987
88221
120990
104609
120994
104614
88230
121001
121002
121003
88235
121005
104623
121008
121012
104628
88244
88249
121019
121021
104637
121024
104641
121026
88258
121029
88263
104648
121033
104653
121040
88272
121041
121042
121044
88277
104662
121047
104666
121051
88286
104673
121058
121059
88291
121060
104677
121065
104684
88300
104688
88305
121074
121075
121076
121077
121078
104695
121080
88314
121083
104700
121087
88319
104709
121094
121096
88328
104714
121099
121101
88333
121104
104723
121108
88342
104728
121115
88347
121116
121117
121119
104737
121122
88356
104741
121126
88361
104748
121133
121134
121135
121137
104753
88370
121140
88375
121144
104762
104766
121151
121152
88384
121153
121155
104773
88389
121158
104777
121162
88398
104784
121169
121171
88403
104788
121174
121176
121179
104795
88412
121183
104799
88417
121190
104806
121191
121192
104809
121194
88426
121197
104814
88431
121201
104818
121208
88440
121209
104825
121210
104828
88445
121215
104833
104837
88454
121224
121225
121226
121227
88459
121228
104844
121230
104847
121233
104852
88468
121237
104856
88473
121244
121246
104863
121249
104866
88482
121251
121254
104871
88487
121258
104875
88496
121265
121266
104882
121267
121269
104885
88501
121272
104890
121276
104894
88510
121283
88515
121284
121285
104901
121287
104904
121290
88524
121293
104909
104913
88529
121298
121299
121300
121302
104920
121305
121306
88538
121307
104923
121309
88543
121312
104928
121313
121314
121316
104932
121319
121320
88552
121321
121323
104939
88557
121326
104942
121327
121328
121330
104947
121333
121334
88566
121335
104951
121337
88571
121340
121341
121342
104958
121344
104961
121347
121348
88580
121349
104966
121351
88585
121354
104970
121355
121356
121358
121361
104977
121362
88594
121363
104980
121365
88599
121368
121369
104985
121370
121372
104989
121375
121376
88608
121377
121379
104996
88613
121382
121383
104999
121384
121386
105004
121389
121390
88622
121391
105008
121393
88627
121396
121397
121398
105015
121400
105018
121403
121404
88636
121405
121407
105023
88641
121410
121411
105027
121412
121414
121417
121418
105034
88650
121419
121421
105037
88655
121424
121425
121426
105042
121428
105046
121431
121432
88664
121433
121435
105053
88669
121438
121439
121440
105056
121442
121445
105061
121446
88678
121447
121449
105065
88683
121452
121453
121454
121456
105072
121459
105075
121460
88692
121461
121463
105080
88697
121466
121467
121468
105084
121470
121473
121474
88706
121475
105091
121477
105094
88711
121480
121481
121482
105099
121484
121487
105103
121488
88720
121489
121491
88725
121494
105110
121495
121496
105113
121498
121501
121502
105118
88734
121503
121505
105122
88739
121508
121509
121510
121512
105129
121515
121516
105132
88748
121517
121519
105137
88753
121522
121523
121524
105141
121526
121529
121530
88762
121531
105148
121533
105151
88767
121536
121537
121538
121540
105156
121543
121544
105160
88776
121545
121547
88781
121550
121551
105167
121552
121554
105170
121557
121558
88790
121559
105175
121561
105179
88795
121564
121565
121566
121568
105186
121571
121572
88804
121573
105189
121575
88809
121578
105194
121579
121580
121582
105198
121585
121586
88818
121587
121589
105205
88823
121592
105208
121593
121594
121596
105213
121599
121600
88832
121601
105217
121603
88837
121606
121607
121608
105224
121610
105227
121613
121614
88846
121615
105232
121617
88851
121620
105236
121621
121622
121624
121627
105243
121628
88860
121629
105246
121631
88865
121634
121635
105251
121636
121638
105255
121641
121642
88874
121643
121645
105262
88879
121648
121649
105265
121650
121652
105270
121655
88888
121658
105274
88893
121663
121665
105281
121668
105284
88902
121671
105289
88906
121676
105293
121678
121681
88913
121684
105300
88918
105303
121689
121691
105308
121694
88927
105312
121697
88932
121702
105319
121704
105322
121707
121709
88941
105327
121712
121714
88946
105331
121717
121719
121722
105338
88955
121724
105341
121727
88960
121730
105346
105350
121735
121737
88969
121740
105357
121742
88974
105360
121745
121747
105365
121750
88983
121753
105369
88988
121758
121760
105376
121763
105379
88997
121766
105384
89002
121771
105388
121773
121776
121779
105395
89011
105398
121784
89016
121786
105403
121789
105407
121792
89025
121797
105414
89030
121799
105417
121802
121804
105422
121807
89039
121809
105426
121812
89044
121814
121817
105433
121819
105436
89053
121822
121825
105441
89058
105445
121830
121832
121835
89067
105452
121837
105455
121840
89072
121842
105460
121845
121848
105464
89081
121853
89086
121855
105471
121858
105474
121861
105479
89095
121866
105483
121868
89100
121871
121874
105490
105493
89109
121879
121881
105498
89114
121884
105502
121887
89123
121892
105509
121894
105512
89128
121897
121899
105517
121902
121904
105521
89137
121907
121909
89142
121912
105528
121914
105531
121917
89151
121920
105536
105540
89156
121925
121927
121930
105547
121932
89165
105550
121935
121937
89170
105555
121940
121943
105559
89179
121948
121950
105566
89184
121953
105569
121956
105574
121961
89193
105578
121963
121966
89198
121969
105585
105588
121974
89207
121976
105593
121979
89212
105597
121982
121987
105604
121989
89221
105607
121992
121994
89226
105612
121997
121999
105616
122002
89235
122004
122007
105623
89240
122009
105626
122012
122015
105631
89249
105635
122020
122022
89254
122025
105642
122027
105645
122030
89263
122032
105650
122035
89268
122038
105654
122043
122045
105661
89277
122048
105664
89282
122051
105669
122056
105673
122058
89291
122061
122064
105680
89296
105683
122069
122071
105688
89305
122074
105692
122077
89310
122082
105699
122084
105702
122087
89319
122089
105707
122092
89324
122094
105711
122097
122099
89333
122102
105718
122104
105721
89338
122107
122110
105726
105730
122115
89347
122117
122120
89352
105737
122122
105740
122125
122127
105745
89361
122130
105748
122133
89366
105753
122138
122140
105756
122143
89375
105761
122146
105764
89380
122151
122153
105769
122156
105772
89389
122159
105777
89394
122164
105781
122166
122169
89403
122172
105788
105791
89408
122177
122179
105796
122182
122184
105800
89417
122187
122189
89422
105807
122192
122194
105810
122197
122199
105815
89431
122202
105818
89436
122205
105823
122210
105826
122212
89445
122215
105831
122217
105834
89450
122220
122222
105839
122225
105842
89459
122228
105847
89464
122233
105850
122235
122238
105855
122240
105857
89473
122243
105860
122245
105862
89478
122248
105865
122250
105868
122253
89487
122256
105873
105876
89492
122261
122263
105881
122266
105883
122268
89501
105886
122271
105888
122273
89506
105891
122276
122278
105895
122281
122283
89515
122286
105902
89520
122289
105905
122294
105910
122296
89529
105914
122299
122301
89534
122304
105921
122307
105924
89543
122312
105929
122314
105931
89548
122317
105934
122320
105937
122325
89557
105942
122327
105945
122330
89562
122333
105950
105953
122338
89571
122340
105958
122343
89576
122345
105962
122348
122350
122353
105969
89585
122355
105972
122358
89590
122360
105977
122363
122365
105981
89599
122368
122370
89603
105988
122373
105991
122376
89610
105996
122381
122383
105999
89615
122386
122388
106004
122391
106007
89624
122393
122396
106012
89629
122398
106015
122401
122403
106020
122406
89638
106023
122409
89643
106028
122414
106031
122416
122419
106036
89652
122421
106038
122424
106041
89657
122427
106043
106046
122432
106049
122434
89666
122437
106054
89671
122440
106057
122445
106062
122447
106064
89680
122450
106067
122453
106069
89685
106072
122458
122460
106076
89694
122463
122465
106083
89699
122468
122470
106086
122473
122475
106091
89708
122478
106095
122480
89713
122483
122485
106102
122488
106105
122490
89722
122493
106110
89727
122496
106112
106115
122501
106118
122503
89736
122506
106123
122508
89741
106126
122511
122513
106131
122516
122518
106134
89750
122521
122523
106139
89755
122526
106143
122529
89764
122534
106150
122536
106153
89769
122539
122541
106158
122544
106162
89778
122547
89783
122552
106169
122554
106172
122557
122560
89792
106177
106180
122565
89797
122567
106185
122570
106188
122573
89806
106193
122578
89811
122580
106196
122583
122585
106201
122588
106204
89820
122590
122593
106209
89825
122595
106212
122598
122600
106217
89834
122603
106219
122605
106222
89839
122608
106224
122610
106227
122613
106230
122616
89848
106235
122621
89853
106238
122623
122626
106243
122628
106245
89862
122631
106248
122633
106250
89867
122636
106253
122638
122641
106257
122643
89876
122646
106264
122649
89881
106267
122654
122656
106272
89890
122659
106276
122661
89895
122664
122667
106283
106286
122672
89904
122674
106291
122677
106293
89909
122680
106296
106299
122685
89918
122687
106304
122690
106307
89923
122693
106312
122698
106315
122700
89932
122703
106320
122705
89937
122708
106324
122710
122713
89946
122715
106331
122718
106334
89951
122720
122723
106339
122725
106343
122728
89960
122730
122733
89965
106350
122736
106353
122741
106358
89974
122743
106361
122746
89979
122748
106366
122751
122753
106369
122756
89988
122758
106374
122761
106377
89993
122763
122766
106382
122769
106385
90002
122774
106390
90007
122776
106393
122779
122781
106398
122784
106400
90016
122787
106403
106405
90021
122792
106408
122794
106411
122797
90030
122800
106416
106419
90035
122805
122807
106424
122810
106426
90044
122813
106429
106431
90049
122818
106434
122820
106438
122823
122825
90058
122828
106445
122830
90063
106448
122833
122835
106453
122838
122840
90072
106457
122843
122845
90077
122848
106464
122850
106467
122853
90086
122856
106472
106474
90091
122861
106477
122863
106480
122866
122868
90100
106485
122871
106488
122873
90105
122876
106493
122878
106496
122881
90114
122883
106501
122886
90119
122889
106505
122894
122896
106512
90128
122899
106515
122901
90133
122904
106520
122907
106524
90142
122912
122914
106531
90147
122917
106534
122920
106539
90156
122925
106542
122927
90161
122930
106547
122933
106550
122938
90170
106555
122940
106558
122943
90175
122945
106563
122948
122950
106566
90184
122953
122955
106571
90189
122958
106574
122960
122963
106579
122965
106581
90198
122968
106584
122970
106586
90203
122973
106589
122976
106592
90212
122981
106597
122983
106600
90217
122986
122988
106605
122991
106607
122992
122993
122994
106610
90226
122995
106612
122997
106615
90231
123000
123001
123002
106619
123004
123007
90240
123009
106626
123012
123013
106629
90245
123014
123016
106634
123019
123020
123021
106638
90254
123023
123026
90259
123028
106645
123031
123032
106648
123033
123035
90268
106653
123038
123039
106655
123040
90273
123042
106658
123045
106661
123047
123050
106666
90282
123051
123052
106669
123054
90287
123057
123058
106674
123059
123061
106677
123064
90296
123066
106682
90300
123069
123070
106686
123071
123073
90307
123076
123077
106693
123078
123080
106696
90312
123083
123085
106701
123088
123089
106705
90321
123090
123092
90326
123095
123096
106712
123097
123099
106715
123102
90335
123104
106720
123107
106723
123108
90340
123109
123111
106728
123114
106731
123116
90349
123119
106736
123121
90354
106739
123124
123127
106744
106747
90363
123132
123134
106752
90368
123137
123139
106755
123142
106760
123145
90377
106762
106765
123150
90382
106767
123152
106770
123155
123157
106773
90391
123160
106778
123163
90396
106781
123168
123170
106786
106788
123173
90405
123175
106791
106793
123178
90410
106796
123181
106800
123186
90419
123188
123191
106807
90424
123193
106810
123196
123199
106815
90433
106819
123204
123206
90438
123209
106826
123211
106829
123214
90447
123217
106834
106836
90452
123222
106839
123224
106842
123227
123229
90461
106847
123232
106850
90466
123235
106855
123240
123242
106858
90475
123245
123247
106863
90480
123250
106866
123253
106871
106873
90489
123258
123260
106876
90494
123263
106879
123265
123268
106884
123271
90503
106888
123276
90508
123278
106895
123281
123283
106899
90517
123286
123289
106906
90522
106909
123294
123296
106914
123299
90531
123301
106917
123304
90536
106922
123307
106925
123312
90545
123314
106930
123317
106933
90550
123319
123322
106938
123325
106941
90559
123330
106946
123332
90564
106949
123335
123337
106954
123340
90573
123342
106958
123345
90578
123347
106965
123350
123352
106969
123355
90587
123357
123360
106976
90592
123362
106980
123365
123367
90601
123370
106987
123372
90606
123375
106991
123377
123380
123382
106998
90615
123385
107002
123387
90620
123390
123392
107009
123395
107012
123397
90629
123400
107017
123402
90634
107020
123405
123407
107025
123410
90643
123412
107028
123415
90648
123417
107033
123420
107036
123422
123425
107041
90657
123427
107044
123430
90662
123432
107049
123435
107052
123437
90671
123440
107057
123442
90676
123445
107061
123447
123450
123452
107068
90685
123455
107072
123457
90690
123460
123462
107079
123465
123467
107083
90699
123470
123472
90704
107090
123475
123477
107094
123480
90713
123482
123485
107101
90718
123487
107105
123490
123492
123495
90727
107112
123497
107115
123500
90732
123502
107120
123505
123507
107123
90741
123510
123512
107128
90746
123515
107131
123517
123520
107136
123521
123522
107139
90755
123524
123527
107144
90760
123529
107147
123532
123534
107152
123537
90769
123538
123539
107155
123541
90774
123544
107160
123546
107164
123549
123551
90783
123554
123555
107171
123556
90788
123557
123558
107175
123560
123563
123565
90797
107182
123568
123570
107186
90802
123573
123574
123575
123577
107193
90811
123580
107197
123582
90816
123585
123587
107204
123590
123591
123592
107208
123593
90825
123594
123596
90830
123599
107215
123601
107218
123604
123606
107223
90839
123609
123610
107226
123611
90844
123613
107231
123616
123618
107234
123621
90853
123623
107239
123626
107242
90858
123627
123628
123629
123630
107247
123632
107250
123635
90867
123637
107255
123640
90872
123642
107258
123645
123646
123647
107263
123649
90881
107267
123652
123654
90886
123657
107274
123659
123662
107278
123663
90895
123664
123665
123666
123668
90900
107285
123671
123673
107289
123676
90909
123678
107296
123681
123682
90914
123683
107300
123685
123688
123690
107307
90923
123693
123695
107311
90928
123698
123699
123700
123701
123702
107318
123704
107321
90937
123707
123709
107326
90942
123712
107329
123714
123717
123718
107334
123719
90951
123721
107337
123724
90956
123726
107342
123729
107345
123731
90965
123734
107350
123735
123736
123737
107353
123738
90970
123740
107358
123743
123744
123745
107361
123747
90979
123750
107366
123752
90984
107370
123755
123758
107377
90993
123763
123765
107381
90997
123768
123772
107388
91004
107392
91009
123779
123780
123781
123783
107399
123786
91018
107403
123788
123791
91023
123794
107410
107414
123799
91032
123801
123804
107421
91037
123808
107424
107429
91046
123815
123816
107432
123817
123819
91051
107437
123822
107440
123826
91060
107445
107448
123833
91065
123834
123835
123837
107453
123840
107456
123842
91074
123845
107461
91079
123848
107464
123853
107469
123855
91088
107473
123858
91093
123862
107480
107484
123869
123870
91102
123871
107491
91107
123876
107495
91116
123885
123886
107502
123887
123888
123889
91121
107506
123891
123894
123896
107513
91130
123899
107516
123902
91135
107521
123907
107524
123909
123912
91144
107529
123916
107532
91149
107537
123923
123924
107540
123925
91158
123927
107545
123930
91163
123932
107548
123935
107553
123938
107556
91172
123943
123945
107561
91177
107563
123948
107566
123952
107570
91186
123959
91191
123960
123961
107577
123963
107579
123966
107582
107584
91200
123970
107587
91205
107590
123977
123978
123979
107595
123981
91214
107599
123984
123986
91219
123989
107606
123992
107609
91228
123997
107614
123999
107617
91233
124002
124006
107622
107625
91242
124013
124014
107630
124015
91247
107633
124020
107638
91256
107642
124029
91261
124030
124031
124032
124033
107649
124035
107652
124038
91270
124040
107657
124043
91275
107660
124046
107665
124051
107668
91284
124053
124056
107673
91289
124060
107676
107681
91298
124067
107683
124068
124069
107686
124071
91303
124074
107690
124076
124079
91312
107697
124082
107699
91317
107702
124087
107704
124089
107707
124092
107710
91326
124096
107715
91331
124103
107719
124104
124105
124107
91340
124110
107726
107729
91345
124114
107734
124121
107737
124122
91354
124123
124125
107742
91359
124128
107745
124130
124133
107750
124136
91368
107753
124141
91373
107758
124143
124146
107762
124150
91382
107769
91387
107772
124157
124158
124159
107777
124164
107780
91396
107785
91401
107788
124173
124174
124175
124176
124177
107793
91410
124179
107796
124182
91415
124184
107801
124187
107803
124190
107806
91424
107810
124195
124197
91429
124200
107817
107819
124204
107822
91438
107824
124211
107827
91443
124212
124213
107830
124215
124218
107835
124220
91452
124223
107839
91457
124226
107846
124231
124233
107849
91466
124236
107854
91471
124240
107857
107862
124247
124248
91480
124249
107865
124251
91485
124254
107870
107873
124258
107878
91494
124265
124266
107882
124267
91499
124269
124272
107889
124274
107892
91508
124277
124280
107897
91513
107900
124285
124287
107905
124290
91522
107908
124294
91527
107913
107916
124301
124302
124303
91536
107921
107923
124308
91541
107926
107930
124317
124318
91550
124319
124320
124321
107937
124323
107939
91555
124326
107942
124328
107944
124331
107947
91564
124334
107950
91569
124339
107955
124341
107959
124344
91578
124348
107966
91583
107969
124355
124356
124357
107974
124359
91592
107977
124362
124364
91597
107982
124367
107985
124370
107990
91606
124375
124377
107993
91611
124380
107998
124384
108002
91620
124391
124392
124393
108009
91625
124395
108012
124398
108017
124402
91634
108020
91639
124409
108025
124410
124411
108028
124413
124416
91648
108033
124418
108036
124421
91653
124424
108041
108043
124429
108046
91662
124431
124434
108050
91667
124438
108057
108059
91676
124445
124446
108062
124447
108064
91681
108067
124452
108070
91690
108075
124461
124462
91694
124463
108079
124464
124465
124467
91701
124470
108086
124472
108089
91706
124475
124478
108094
108097
124483
91715
124485
108102
124488
91720
108105
124492
108110
108113
91729
124499
124500
124501
108118
91734
124503
124506
108122
124508
124511
91743
108129
124514
108132
91748
124519
124521
108137
124524
108140
91757
124528
108145
91762
108148
124535
124536
124537
108153
124539
91771
108156
124542
91776
108161
124546
108163
108166
124553
91785
124554
108170
124555
124557
91790
124560
108177
124562
108179
124565
108182
91799
124568
108184
108187
91804
124573
108190
124575
124578
108195
91813
124582
108199
91818
124589
124590
108206
124591
108209
91827
124596
108214
91832
108217
124605
124606
108222
124607
124608
124609
108225
91841
124611
124614
108230
91846
124616
108233
124619
124622
108238
91855
108242
124627
91860
124629
124632
108249
124635
108252
91869
124640
124641
108257
124642
91874
124643
124644
108260
124645
124646
124647
124648
124649
108265
124650
124651
91883
124652
108268
124653
124654
124655
124656
91888
124657
108273
124658
124659
108275
124660
124661
124662
108278
124663
124664
124665
91897
124666
108282
124667
124668
124669
124670
91902
124671
124672
124673
108289
124674
124675
124676
124677
108293
124678
124679
91911
124680
124681
124682
124683
124684
108300
91916
124685
124686
124687
108303
124688
124689
124690
124691
124692
108308
124693
91925
124694
124695
124696
108312
124697
124698
91930
124699
124700
124701
124702
124703
108319
124704
124706
108323
91939
124709
124712
91944
108330
124717
108333
124720
91953
108338
124725
108342
91958
124728
124733
108349
91967
124736
108353
91972
124741
124744
108360
108363
124749
91981
124752
108368
91986
124757
108373
124760
91995
124765
108382
124768
92000
108386
124773
124776
108393
92009
108396
124781
92014
124784
108401
124789
108406
92023
124792
92028
124797
108415
124800
108419
124805
92037
124808
108426
92042
124813
108429
124816
108434
92051
124821
108438
124824
92056
124829
108445
124832
108449
92065
124837
92070
124840
108456
108459
124845
92079
124848
108464
92084
124853
108469
124856
124861
92093
108478
124864
108482
92098
124869
124872
108489
92107
108492
124877
124880
92112
108497
124885
108502
124888
92121
124893
92126
108511
124896
108515
124901
92135
124904
108522
92140
124909
108525
124912
108530
124917
92149
108534
124920
92154
124925
108541
124928
108545
92163
124933
124936
108552
92168
108555
124941
124944
108560
92177
108564
124949
92182
124952
108571
124957
108575
92191
124960
92196
124965
108582
124968
108585
124973
92205
108590
124976
108594
92210
124981
124984
108601
92219
124989
108605
124992
92224
108612
124997
108615
125000
92233
108620
125005
92238
125008
108625
125013
125014
125015
92247
125016
125017
108634
125019
92252
125022
108638
125024
125027
125029
108645
92261
125032
108648
125034
92266
125037
108653
125038
125039
125040
125041
108658
125043
92275
125046
125048
92280
125051
108667
125053
108671
125056
92289
125058
125061
125062
108678
92294
125063
125064
125065
108681
125067
125070
108686
92303
125072
108690
125075
92308
125077
125080
108697
125082
125085
108701
92317
125086
125087
125088
125089
92322
125091
108708
125094
108711
125096
125099
92331
108716
125101
125104
92336
108721
125106
125109
125110
125111
125112
125113
92345
108730
125115
125118
108734
92350
125120
125123
125125
108741
92359
125128
108744
125130
92364
125133
108749
125134
125135
125136
125137
108754
125139
92373
125142
125144
92378
125147
108763
125149
108767
125152
125154
92387
125157
125158
108774
125159
92391
125160
125161
108777
125163
125166
108782
92398
125168
108786
125171
92403
125173
125176
108793
125178
92412
125181
108797
125182
125183
125184
125185
92417
125187
108804
125190
108807
125192
92426
125195
108812
125197
92431
125200
108816
125202
125205
125206
125207
108823
125208
92440
125209
125211
108827
92445
125214
125216
108834
125219
125221
108837
92454
125224
125226
108842
92459
125229
125230
108846
125231
125232
125233
125235
92468
108853
125238
125240
108857
92473
125243
125245
125248
108864
125250
92482
108867
125253
125254
125255
92487
125256
108872
125257
125259
108877
125262
125264
92496
125267
125269
92501
108886
125272
125274
108890
125277
125278
92510
125279
125280
125281
108897
125283
92515
108900
125286
125288
108905
125291
92524
125293
108910
125296
92529
125298
125301
125302
125303
108919
125304
125305
92538
125307
108923
125310
92543
125312
108930
125315
125317
108933
125320
92552
125321
125322
108938
125323
125324
92557
125326
108942
125329
125331
108949
125334
92566
125336
108953
125339
92571
125340
125341
125343
108960
125346
108963
125348
92580
125351
108968
125353
92585
125356
125357
108973
125358
125359
125360
125362
92594
125365
108982
125367
92599
125370
108986
125372
125375
125376
92608
125377
108993
125379
108996
92613
125382
125384
109001
125387
125389
109006
92622
125392
125393
125394
125395
92627
125396
125398
109015
125401
125403
109019
92636
125406
125408
92641
109026
125411
125412
125413
109029
125415
125418
109034
92650
125420
109038
125423
92655
125425
125428
125429
109045
125430
125431
125432
92664
109049
125434
125437
92669
125439
109056
125442
109059
125444
92678
125447
125448
109064
125449
125451
92683
109068
125454
125456
125459
109075
92692
125461
109079
125464
125465
92697
125466
125467
125468
125470
109086
125473
109089
92706
125475
125478
109094
92711
125480
109098
125483
125484
125485
125487
92720
109105
125490
125492
109109
92725
125495
125497
125500
109116
125501
125502
92734
125503
109119
125504
125506
92739
109124
125509
125511
109129
125514
125516
92748
125519
125520
125521
92753
109138
125523
125526
109142
125528
92762
125531
125533
109149
92767
125536
109152
125537
125538
125540
109157
125543
92776
125545
109162
125548
92781
125551
109171
125556
125558
92790
109175
125561
125563
92795
125566
109182
125569
109185
92804
125574
109190
125576
92809
109194
125579
125581
125584
109201
92818
125587
109205
92823
125592
125594
109212
125597
125599
109215
92832
125602
109220
125605
92837
109225
125610
125612
92846
125615
125617
109234
92851
125620
109238
125623
125628
92860
109245
125630
109248
125633
92865
125635
109253
125638
125641
109258
92874
125646
92879
125648
125651
109267
125653
109271
125656
92888
125659
92893
109278
125664
109281
125666
125669
109286
92902
125671
125674
109290
92907
125677
109297
125682
125684
92916
109301
125687
125689
92921
125692
109308
125695
109311
92930
125700
109316
125702
92935
109320
125705
125707
125710
109327
92944
125713
109331
92949
125718
125720
109338
125723
125725
109341
92958
125728
109346
125731
92963
109350
125736
125738
92972
125741
109357
125743
109361
92977
125746
125749
109368
125754
92986
109371
125756
125759
92991
109376
125761
125764
109381
125767
93000
125772
93005
125774
109390
125777
109394
125779
125782
93014
125785
109401
93019
109404
125790
125792
109409
125795
93028
125797
109414
125800
93033
125803
109423
125808
125810
93042
109427
125813
125815
93047
125818
109434
125821
109437
93056
125826
109442
125828
93061
109446
125831
125833
125836
109453
93070
125839
109457
93075
125844
125846
109464
125849
125851
109467
93084
125854
109472
93088
125857
109477
125862
93095
125864
125867
93100
125869
109486
125872
109490
125875
93109
125880
109497
125882
93114
109500
125885
125887
109505
125890
93123
125893
109510
93128
125898
125900
125903
109519
125905
93137
109523
125908
93142
125911
109530
125916
109533
125918
93151
125921
109538
125923
93156
125926
109542
125929
109549
93165
125934
125936
109553
93170
125939
125941
125944
109560
125947
109563
93179
125952
109568
93184
125954
109572
125957
125959
93193
125962
109579
125965
93198
109583
125970
125972
109590
125975
93207
125977
109593
125980
93212
109598
125983
109602
125988
93221
125990
125993
109609
93226
125995
109613
125998
126001
93235
109620
126006
109623
126008
93240
126011
109628
126013
126016
109633
93249
126019
93254
126024
126026
109642
126029
109646
126031
93263
126034
93268
126037
109653
109656
126042
126044
109661
93277
126047
126049
109666
93282
126052
126055
109675
93291
126060
126062
109679
93296
126065
126067
126070
109686
126073
109689
93305
126078
109694
93310
126080
109698
126083
126085
93319
126088
109705
126091
93324
109709
126096
126098
109716
126101
93333
126103
109719
126106
93338
109724
126109
109729
126114
93347
126116
126119
93352
126121
109738
126124
109742
126127
93361
126132
109749
126134
93366
109752
126137
126139
109757
126142
93375
126145
109762
93380
126150
126152
126155
109771
126157
93389
109775
126160
93394
126163
109782
126168
109785
126170
93403
126173
109790
126175
93408
126178
109794
126181
109801
93417
126186
126188
109805
93422
126191
126193
126196
109812
126199
109815
93431
126204
109820
93436
126206
109823
126209
126211
109828
93445
126214
109832
126217
93450
126222
109839
126224
109841
126227
93459
109844
126229
126232
109848
93464
126235
109855
126240
93473
126242
109859
126245
93478
126247
126250
109866
126253
109869
93487
126258
109874
126260
93492
109878
126263
126265
126268
109885
93501
126271
109889
93506
126276
126278
109896
126281
126283
109899
93515
126286
109904
93520
126289
109908
126294
126296
93529
126299
109915
126301
93534
109919
126304
126307
109926
93543
126312
109929
126314
93548
126317
109934
126319
126322
109938
126325
93557
109945
126330
93562
126332
109949
126335
126337
93571
126340
109956
126343
109959
93576
126348
109964
126350
109968
126353
93585
126355
126358
93590
109975
126361
109979
126366
93599
126368
109986
126371
93604
126373
109989
126376
109994
126379
93613
109998
126384
126386
93618
126389
110005
126391
110009
126394
93627
126397
110016
93632
126402
110019
126404
126407
110024
126409
93641
126412
110028
93646
126415
110035
126420
126422
110039
93655
126425
126427
93660
126430
110046
126432
110049
126435
126437
93669
110054
126440
126442
110058
93674
126445
126448
110065
93683
126453
110069
126455
93688
126458
126460
110076
126463
110079
93697
126466
110084
93702
126471
110088
126473
126476
126478
110095
93711
126481
110099
126484
93716
126489
110106
126491
110109
93725
126494
126496
110114
93730
126499
126502
110118
126507
93739
126509
110125
126512
93744
110129
126514
126517
126519
110136
93753
126522
110139
126524
93758
126527
110144
126529
126532
110148
126534
93767
126537
126539
110155
93772
126542
110159
126544
126547
126549
93781
110166
126552
110169
93785
126554
126557
110174
126559
93792
126562
110178
126564
93797
126567
126569
110185
126572
110189
126574
93806
126577
93811
126580
110196
110199
126585
126587
110204
93820
126590
126592
110208
93825
126595
126598
110215
93834
126603
110219
126605
93839
126608
126610
110226
126613
110229
126616
93848
110234
126621
93853
110238
126623
126626
126628
110245
93862
126631
110249
126634
93867
126639
110256
126641
110259
126644
93876
126646
110264
126649
93881
126651
110268
126654
126656
93890
126659
110275
126661
110279
93895
126664
126666
126669
110286
126671
93904
110289
126674
126676
93909
110294
126679
126681
110298
126684
126686
93918
126689
110305
126691
93923
110309
126694
126696
126699
110316
93932
126701
110319
126704
93937
126706
110324
126709
126712
110328
93946
126717
126719
110335
93951
126722
110339
126724
126727
93960
126730
110346
110349
93965
126735
126737
110354
126740
126742
110358
93974
126745
93979
126748
110365
126753
110369
126755
93988
126758
126760
110376
93993
126763
110379
126766
110384
94002
126771
110388
126773
94007
126776
126778
110395
126781
126783
110399
94016
126786
126788
94021
110406
126791
126793
110409
126796
126798
110414
94030
126801
110418
126803
94035
126806
126808
110425
126811
94044
126813
110429
126816
94049
126818
110436
126821
126823
110439
126826
94058
126828
110444
126831
94063
110448
126833
126836
126838
110455
94072
126841
110459
126844
94077
126849
110466
126851
110469
126854
94086
126856
110474
126859
94091
126862
110478
126867
94100
126869
110485
126872
110489
94105
126874
126877
126880
110496
94114
110499
126885
126887
94119
110504
126890
126892
110508
126895
94128
126898
110515
94133
126903
110519
126905
126908
126910
110526
94142
126913
110529
126915
94147
126918
110534
126920
110538
126923
94156
126925
126928
110545
94161
126930
126933
110549
126935
126938
94170
126940
110556
126943
110559
94175
126945
126948
110564
126950
110568
94184
126953
126955
94189
126958
110575
126960
126963
110579
126965
94198
126968
126970
110586
94203
126973
110589
126976
110594
94212
126981
110598
126983
94217
126986
126988
110605
126991
110609
126994
94226
126999
94231
110616
127001
110619
127004
127006
110624
94240
127009
127012
110628
94245
127017
127019
110635
127022
94254
110639
127024
127027
94259
127030
110646
110649
127035
94268
127037
110654
127040
94273
127042
110658
127045
127047
110665
127050
94282
127052
110669
127055
94287
127057
127060
110676
127062
110679
94296
127065
127067
110684
94301
127070
127072
110688
127075
127077
94310
110695
127080
127082
110699
94315
127085
127087
127090
110706
127092
94324
110709
127095
127097
94329
110714
127100
127102
110718
127105
94338
127108
110725
94343
127113
110729
127115
127118
127120
110736
94352
127123
110739
94357
127126
110744
127131
110748
127133
94366
127136
127138
110755
94371
127141
110759
127144
94380
127149
110766
127151
110769
94385
127154
127156
110774
127159
127162
110778
94394
127167
94399
127169
110785
127172
110789
127174
94408
127177
127179
110796
94413
127182
110799
127184
127187
110804
127189
94422
127192
110808
127194
94427
127197
127199
110815
127202
110819
127204
94436
127207
127209
94441
110826
127212
110829
127214
127217
110834
94450
127219
127222
110838
94455
127224
127227
127229
110845
127232
94464
110849
127234
127237
94469
127240
110856
110859
127245
94478
127247
110864
127250
94482
127252
110868
127255
127257
94489
110875
127260
127262
94494
110879
127265
127267
127270
110886
94503
127272
110889
127275
94508
127277
110894
127280
127282
110898
127285
94517
127287
110905
127290
94522
127292
110909
127295
127297
94531
127300
110916
127302
110919
94536
127305
127307
110924
127310
127312
110928
94545
127315
127317
94550
110935
127320
127322
110939
127325
127327
94559
127330
110946
94563
127332
110949
127335
127337
110954
94570
127340
127342
110958
94574
127345
127347
110965
94581
127350
127352
110969
94586
127355
127357
127360
110976
127362
110979
94595
127365
127367
110984
94600
127370
127372
110988
127375
127377
94609
110995
127380
127382
94614
110999
127385
127387
127390
111006
94623
127392
111009
127395
94628
127397
111014
127400
127402
111018
127405
94637
127408
111025
94642
127413
111029
127415
127418
94651
111036
127421
111039
94655
127426
127428
111044
94662
127431
111048
127434
94666
127439
111055
127441
94673
111059
127444
127446
94678
127449
111066
127451
111069
127454
94687
127456
111074
127459
94692
127461
111078
127464
127467
111085
94701
127472
111089
127474
94706
127477
127480
111096
111099
94715
127485
127487
111104
94720
127490
127492
111108
127495
127497
94729
111115
127500
94734
127503
111119
127508
127510
111126
94743
127513
111129
94747
127516
111134
127521
111138
94754
127523
127526
94758
127529
111145
111149
94765
127534
127536
94770
127539
111156
127541
111159
127544
127546
94779
111164
127549
127551
111168
94784
127554
127556
127559
111175
94793
127562
111179
94798
127567
127569
111186
127572
111189
127575
94807
111194
127580
94812
127582
111198
127585
127587
111205
94821
127590
127592
111209
94826
127595
127598
111216
127603
111219
94835
127605
94839
127608
111224
127611
111228
94846
127616
127618
94850
111235
127621
111239
127624
94857
127629
111246
94862
127631
111249
127634
127636
111254
127639
94871
127641
111258
127644
94876
127646
127649
111265
127651
111269
94885
127654
127657
94890
111276
127662
111279
127664
127667
94899
111284
127670
111288
94904
127675
127677
111295
127680
94913
127682
111299
127685
94918
127687
127690
111306
127693
111309
94927
127698
111314
94931
127700
111317
127703
127706
111322
94938
111326
94942
127711
127713
127716
111333
94949
127719
111335
111338
94954
127724
111341
127726
127729
111346
127731
94963
127734
111350
127736
94968
127739
127741
111357
111359
127744
94977
127746
111362
111364
127749
94982
111367
127752
111370
127757
127759
111375
94991
127762
111379
94996
127765
127770
111386
127772
111388
95005
127775
111391
127777
111393
95010
127780
111396
127782
111399
127785
95019
127788
111404
95023
111408
127793
127795
127798
95030
111415
127801
111418
95034
127806
111423
127808
95041
111426
127811
127814
95046
111431
127819
111435
127821
95055
127824
127826
111442
95060
127829
111445
127831
127834
111450
127836
111453
95069
127839
95072
127841
111458
127844
95077
111462
127847
95081
127852
111469
127854
111471
95088
127857
111474
127860
111476
95092
111479
127865
111482
127867
95099
127870
95102
111487
127872
127875
111491
95107
127877
95111
127880
111498
127883
111501
95118
127888
95121
127890
111506
127893
111509
95126
127896
95129
111514
127901
111518
95134
127903
95137
127906
127909
111525
95142
111527
95145
127914
111530
127916
111532
95150
127919
111535
127921
111538
95155
127924
127926
111543
127929
127931
111547
95164
127934
95167
127936
111554
127939
95172
111557
127942
95176
111562
127947
127949
111565
95183
127952
111570
127955
95187
111574
127960
127962
95194
127965
111581
95197
127967
111583
127970
111586
95202
127972
111588
95206
127975
111591
127977
111594
127980
95213
127982
111599
95216
127985
111603
127988
95221
95224
127993
111610
127995
111612
95229
127998
111615
128000
95232
111617
128003
111620
95237
128006
111623
95240
128011
111628
128013
95245
128016
111632
128018
95250
128021
128023
111639
128026
111642
95259
128028
95262
128031
111647
128033
111650
95267
128036
128038
111655
95271
128041
128043
111659
128046
95278
128049
111666
95282
111669
128054
128056
95289
111674
128059
95292
111677
128062
95297
111682
128067
128069
95301
111686
128072
128074
95308
128077
111693
111695
95311
128080
111698
111700
95316
128085
128087
111703
95319
128090
111706
128092
95324
128095
111711
95327
128097
111715
128100
95332
128102
95335
128105
111722
128108
95340
111725
128113
95345
111730
128115
111733
128118
128120
111738
95354
128123
95357
128126
111742
95362
128131
128133
111749
95366
111751
128136
128138
111754
111756
128141
95373
128143
111759
95377
128146
111762
128148
128151
111767
95384
128153
111771
95387
128156
128158
95392
128161
111778
128163
95396
111781
128166
128169
111786
95403
111789
128174
95406
128176
111794
128179
95411
128182
111798
95414
128187
95419
128189
111805
95422
111807
128192
128194
111810
95427
111812
128197
95430
111815
128200
111818
95435
128205
128207
111823
95440
128210
111827
128212
128215
128217
95449
111834
128220
111836
95452
128222
111839
128225
111841
95457
128228
111844
95461
111847
128233
128235
111852
95468
128238
128240
111856
95472
128243
128246
111863
95479
111866
95482
128251
128253
111871
95487
128256
128258
111874
95491
128261
128263
111879
128266
95498
111883
128268
95501
128271
128273
111890
95506
128276
111893
95509
128278
128281
111898
95514
128283
111901
95517
128286
128289
111906
95522
95525
128294
111910
128296
95530
128299
111917
128302
111919
95535
111922
128307
111924
128309
111927
128312
95544
128314
111930
95547
128317
111935
128320
95552
111939
95556
128325
128327
128330
111946
95563
128332
111949
128335
95567
128337
111954
128340
111957
128342
95574
128345
95577
111962
128348
111966
95582
128353
95586
128355
111973
128358
111975
128360
95593
111978
128363
111980
95596
128366
111983
95601
111986
128371
95604
128373
111991
128376
95609
128378
111995
95612
128381
128383
95617
128386
112002
128388
95620
112005
128391
128393
95625
112010
128396
112013
128398
95630
128401
112018
128403
128406
112022
95639
128409
95642
112029
128414
112031
95647
128416
112034
128419
95651
112036
128422
112039
112042
95658
128427
128429
112047
95663
128432
128434
112051
128437
128440
95672
112058
112060
128445
95677
128447
112063
112065
128450
128452
112068
95686
128455
112071
128457
95690
128460
112076
128462
112080
128465
95697
128468
95702
112087
128473
112090
128475
128478
112095
95711
128480
112098
128483
95716
128486
112103
128491
112107
128493
95725
128496
95729
128498
112114
128501
112117
128503
95736
128506
112122
128508
95740
112125
128511
128513
112130
95747
128516
128518
112134
95751
128521
128523
112141
128526
95758
112143
128529
112146
95763
112148
128534
112151
128536
112154
128539
95772
128542
112159
95777
128547
112163
128549
128552
128554
112170
95786
128557
112173
95790
128560
112178
128565
112181
95797
128567
128570
112186
95802
128572
112190
128575
128577
95811
128580
112197
128582
112199
95816
128585
112202
128588
112204
112207
128593
95825
112210
128595
95829
128598
112215
128600
128603
112219
95836
128606
95840
112226
128611
128613
112229
95847
128616
128618
112234
95851
128621
112237
128623
128626
112242
95858
128628
112246
128631
95863
128633
128636
112253
128638
112255
95872
128641
112258
128643
112260
95877
128646
112263
128649
112266
128654
95886
112271
128656
95890
128659
112275
128662
95897
112282
128667
112284
128669
95902
112287
128672
112289
128674
112292
128677
112295
95911
128680
112300
95916
128685
128687
112304
128690
128692
95925
128695
112311
128697
95929
112314
128700
128702
112319
95936
128705
112322
128708
95940
112327
128713
128715
112331
95947
128718
95951
128720
112338
128723
128725
112341
95958
128728
128729
128730
112346
95963
128732
112349
128735
128736
128737
112354
128739
95972
128742
112358
128743
128744
128745
95977
128746
128748
112365
128751
112367
128752
128753
112370
95986
128755
112372
128758
95990
128759
112375
128760
128761
128762
112378
128764
95997
128767
112383
128768
128769
96002
128771
112387
128774
128775
128776
128777
128778
112394
96011
128780
112397
128783
128784
96016
128785
112402
128787
112405
128790
128791
128792
128793
96025
128794
112410
128796
96029
112414
128799
128800
128801
128803
96036
112421
128806
128807
112423
128808
96040
128809
128810
112426
128812
112428
128815
112431
96047
128816
128817
112434
128819
96051
128822
128823
112439
128824
128825
128826
96058
112443
128828
128831
96063
128833
112450
128836
112453
128838
96072
128841
112458
128843
112461
96077
128846
128848
112466
128851
128853
112470
96086
128856
128857
128858
96090
128860
112477
128863
112479
128865
96097
112482
128868
112484
128869
128870
96102
112487
128872
112490
128875
128877
112495
96111
128880
128882
112499
96116
128885
128887
128890
112506
128892
112508
96125
128895
112511
128896
128897
112513
96129
128899
112516
128902
112519
128904
96136
128907
128908
112524
96140
128909
128911
112528
128914
96147
128916
128919
112535
96151
128921
112538
128924
128926
96158
112543
128929
112546
128931
96163
128934
128935
112551
128936
128938
112555
96172
128941
128943
96177
128946
112562
128947
128948
112565
128950
128953
112570
96186
128955
112573
128958
96190
128960
112578
128963
128965
96197
112582
128968
128970
96202
128973
112589
128974
128975
112591
128977
112594
96211
128980
112596
128982
112599
96216
128985
128986
112602
128987
128989
112607
128992
96225
128994
112611
128997
96229
128999
129002
112618
129004
96236
112621
129007
96240
129009
112626
129012
129013
112629
129014
96247
129016
112634
129019
96251
129021
112638
129024
129025
129026
96258
129028
112645
96262
129031
112647
129033
112650
129036
112652
96269
129038
112655
129041
96273
112658
129043
129046
112663
129048
96280
129051
112667
96283
129052
129053
129055
96288
129058
112674
96291
129060
112677
129063
129064
96296
129065
112682
129067
96300
112685
129070
129071
129072
129073
129074
112690
129075
96307
129076
129077
129078
112694
96310
129079
129080
129081
129082
129083
96315
129084
129085
112701
129086
96318
129087
112703
129088
129089
129090
112706
129091
96323
129092
112708
129093
129094
96326
129095
112711
129096
129097
129098
112714
129099
96331
129100
129101
129102
129103
112719
96335
129104
129105
129106
112722
129107
129108
129109
129110
96342
129111
112727
129112
129113
112729
96345
129114
129115
129116
112732
129117
112733
129118
112734
96350
129119
112735
129120
112736
129121
112737
96353
129122
112738
129123
112739
129124
112740
129125
112741
129126
112742
96358
129127
112743
129128
112744
129129
112745
129130
112746
96362
129131
112747
129132
112748
129133
112749
129134
112750
129135
112751
129136
112752
129137
112753
96369
129138
112754
112755
129140
112756
96372
112757
112758
129143
112759
112760
129145
112761
96377
112762
112763
129148
112764
96380
112765
129150
112766
112767
112768
129153
112769
96385
129154
112770
129155
112771
112772
96388
129157
112773
112774
112775
129160
112776
112777
96393
129162
112778
112779
112780
129165
112781
96397
112782
129167
112783
112784
112785
129170
112786
129171
112787
129172
112788
96404
129173
112789
129174
112790
112791
96407
129176
112792
112793
112794
129179
112795
112796
96412
129181
112797
112798
112799
96415
129184
112800
112801
129186
112802
112803
112804
96420
129189
112805
129190
112806
129191
112807
112808
96424
129193
112809
112810
112811
129196
112812
112813
129198
112814
112815
96431
112816
129201
112817
112818
96434
129203
112819
112820
112821
129206
112822
129207
112823
96439
129208
112824
129209
112825
129210
112826
96442
112827
129212
112828
112829
112830
129215
112831
96447
112832
129217
112833
112834
96450
129220
129222
112838
96455
129225
129226
129227
96459
129229
112845
129232
129234
112850
96466
129237
96469
129239
129242
96474
129243
112859
129244
129245
96477
129246
129248
112864
96482
129251
129253
96486
129256
112873
129258
129261
96493
129262
112878
129263
96496
129265
129268
96501
129270
112887
96504
129273
129275
112892
96509
129278
129279
129280
96512
129281
129282
129284
112901
96517
129287
129289
96521
112906
129292
129294
96528
129297
129298
129299
112915
96531
129301
129304
112920
96536
129306
96539
129309
129311
96544
112929
129314
129315
129316
96548
129317
129318
112934
129320
129323
96555
129325
96558
112943
129328
129330
96563
112948
129333
129334
96566
129335
129337
96571
129340
112957
129342
96574
129345
112962
129347
96579
129350
129351
96583
112971
96590
112976
96593
96598
112985
96601
112990
96606
96610
112999
96617
113004
96620
96625
96628
113013
96633
113018
96636
96641
113027
96645
113032
96652
96654
113041
96657
96660
113046
96665
96667
96670
113055
96673
113060
96678
96682
113069
96689
113074
96692
96697
113083
96700
113088
96705
96708
113097
96713
96716
113102
96721
96724
113111
96729
113116
96733
96740
113125
96742
96745
113130
96747
96750
96753
113139
96758
113144
96762
113153
96769
96772
113158
96777
96780
113167
96785
96787
113172
96790
96793
113181
96798
113186
96802
96809
113195
96812
113200
96817
96820
113209
96825
96828
113214
96833
96836
113223
96841
113228
96844
96849
113237
96853
113242
96860
96862
96865
113251
96867
96870
113256
96873
96878
113265
96882
113270
96889
96892
113279
96897
113284
96900
96905
96907
113293
96910
96913
113298
96918
96922
113307
113312
96929
96932
113321
96937
96940
113326
96945
96948
113335
96953
113340
96956
96961
96964
113349
96969
113354
96973
113363
96980
96982
113368
96985
96987
96990
113377
96993
113382
96998
97002
113391
97009
113396
97012
97017
97020
113405
97025
113410
97027
97030
97033
113419
97038
113424
97042
113433
97049
97052
113438
97057
97060
113447
97065
113452
97068
97073
97076
113461
97081
113466
97084
97089
113475
97093
113480
97100
97102
113489
97105
97107
113494
97110
97113
97118
113503
97122
113508
97129
97132
113517
97137
113522
97140
97145
113531
97147
97150
113536
97153
97158
113545
97162
113549
97169
113556
97172
113559
97177
113564
97180
113568
97185
97188
113575
97193
113580
97196
97201
97204
113589
113593
97209
97213
113600
113603
97220
97222
113608
97225
97227
113612
97230
97233
113619
97238
113624
97242
113633
97249
97252
113637
97257
113644
97260
113647
97265
97267
113652
97270
113656
97273
97278
113663
97282
113668
97289
97292
113677
113681
97297
97300
113688
97305
113691
97308
113696
97313
113700
97316
97321
113707
97324
113712
97329
97333
113721
97340
113725
97342
97345
97347
113732
97350
113735
97353
113740
97358
113744
97362
113751
97369
113756
97372
97377
97380
113765
113769
97385
97387
97390
113776
113779
97395
113784
113788
97404
97408
113795
113799
97415
97418
113806
97423
113809
97428
113814
113818
97437
113825
97441
113828
97448
113833
97451
113837
97456
113844
97460
113848
97467
113855
97471
113858
97478
113863
97481
113867
97486
113874
97490
113877
97497
113882
97501
113886
97508
113893
97511
113897
97516
113904
97520
113907
97527
113912
97531
113916
97538
113923
97541
113926
97546
113931
113935
97551
113942
97560
113946
97564
113953
97571
113956
97574
113961
97579
113965
97584
113972
113975
97593
113980
97597
113984
97604
113991
97607
113995
97612
97616
114002
114005
97623
114010
97627
114014
97634
114021
97637
114024
97642
114029
97647
114033
114040
97656
114044
97660
114051
97667
114054
97670
114059
97675
114063
97680
114070
114073
97689
97693
114078
114082
97700
97703
114089
97708
114093
97712
114100
114103
97719
97723
114108
114112
97730
97733
114119
114122
97738
97742
114127
114131
97749
97753
114138
114142
97760
97763
114149
114152
97768
97772
114157
114161
97779
97783
114168
114171
97790
114176
97793
114180
97798
114187
97803
114191
97812
114198
97816
114201
114206
97823
114210
97826
97831
114217
114220
97836
114225
114229
97845
97849
114236
114240
97856
97859
114247
97864
114250
97868
114255
114259
97875
97879
114266
114269
97886
97889
114274
114278
97894
97899
114285
114289
97908
114296
97912
114299
97919
114304
97922
114308
97927
114315
97932
114318
114323
97941
114327
97945
114334
97952
114338
97955
97960
114345
114348
97964
114353
97971
114357
97975
114364
97982
114367
97985
114372
97990
114376
97994
114383
98001
114387
98005
114394
98012
114397
98015
114402
98020
114405
98024
114410
114412
114415
98031
114417
98035
114420
114422
114425
98042
114427
98045
114430
114433
98050
114438
98055
114441
114446
98064
114449
98068
114454
114456
114459
98075
114460
114461
98078
114463
114466
98083
114468
114471
98088
114474
114479
98097
114482
98101
114487
114489
114492
98108
114494
98111
114497
114499
98116
114502
98120
114505
114510
98127
114513
98131
114518
114521
98138
98141
114526
114528
98146
114531
114532
114533
114535
98151
114538
114540
114543
98160
114546
98164
114551
114554
98171
98174
114559
114561
98179
114564
114566
98184
114569
114571
114574
114577
98193
98197
114582
114585
98204
114590
98207
114593
98212
114598
114600
98216
114603
114604
114605
114607
98223
114610
98227
114612
114615
114618
98234
98237
114623
114626
98242
98246
114631
114633
114636
98253
114638
114641
98257
114643
114646
98264
114649
98267
114654
98272
114657
98276
114662
114665
98283
114670
98287
114672
114675
114676
114677
98294
114679
98297
114682
114684
98302
114687
)


// ************************************************************************* //
