/*--------------------------------*- C++ -*----------------------------------*\
| =========                 |                                                 |
| \\      /  F ield         | OpenFOAM: The Open Source CFD Toolbox           |
|  \\    /   O peration     | Version:  v1912                                 |
|   \\  /    A nd           | Website:  www.openfoam.com                      |
|    \\/     M anipulation  |                                                 |
\*---------------------------------------------------------------------------*/
FoamFile
{
    version     2.0;
    format      binary;
    class       faceSet;
    arch        "LSB;label=32;scalar=64";
    location    "constant/polyMesh/sets";
    object      layerFaces;
}
// * * * * * * * * * * * * * * * * * * * * * * * * * * * * * * * * * * * * * //


11760
(
98305
114690
81922
98308
114693
81927
98313
114698
98315
81931
114700
98318
114703
114705
98321
81938
114708
98326
81942
114711
98328
98331
114716
98333
81949
114718
98336
81952
114721
98338
114723
98341
81957
114726
98343
114729
81961
98346
98349
114734
114736
81968
98354
114739
98356
81972
114741
98359
114744
114746
98362
81979
114749
114751
98367
81983
98369
114754
114756
98372
81990
114759
98375
114761
81993
114764
98380
114766
98382
81998
114769
98385
82002
114771
98387
114774
98390
98392
114777
82009
98395
98397
82013
114782
114784
98400
114787
98403
82020
114789
82023
114792
98408
98410
114795
82028
98413
114800
98416
82032
114802
114805
98421
114807
98423
82039
114810
98426
82043
114813
98429
114818
98434
82050
114820
98436
82054
114823
98439
114825
98441
114828
98444
82061
98446
114831
82064
98449
98451
114836
82069
114838
98454
114841
98457
82073
114843
114846
98462
98464
82080
114849
98467
82084
114854
98470
114856
114859
98475
82091
114861
98477
82094
114864
98480
114867
98483
82099
82103
114872
98488
114874
98490
114877
98493
82110
114879
98495
114882
98498
82114
114884
98500
114887
98503
114889
98505
82121
114892
98508
82125
114894
98511
114897
114899
98516
82132
114902
98518
82135
114904
98521
114907
98524
82140
114909
82143
114912
98529
114915
98531
82148
98534
82150
114920
98537
82153
114922
82156
114925
98542
114927
98544
82161
114930
98547
82163
114933
98549
82166
98552
82169
114938
98554
114940
98557
82174
114943
98559
82176
114945
98562
82179
114948
98564
82182
114951
98567
98571
82187
114956
82189
114958
82192
114961
98578
114963
82195
114966
98583
82200
114969
82202
82205
114974
114976
98592
82208
114979
114981
98597
82213
82215
114984
82218
114987
98606
82223
114992
114994
98611
114997
114999
82232
115002
98620
82236
115005
98625
115010
82243
115012
115015
82247
115017
98634
115020
115022
82254
98639
115025
82258
115027
115030
115032
98648
82265
115035
115037
98653
82270
115040
115042
115045
98662
115047
82279
115050
82282
98667
115053
82287
115058
82291
115060
98676
115063
115065
98681
82298
115068
115071
82303
98690
115076
115078
98695
82312
115081
115083
82317
115086
98704
115089
98709
115094
82326
115096
82329
115099
115101
98718
82334
115104
82338
115107
98723
115112
82345
115114
98732
115117
82350
115119
98737
115122
115125
82359
115130
98746
82362
115132
115135
98751
82367
115137
82371
115140
115143
98760
82378
115148
98765
115150
82383
115153
115155
115158
98774
115160
82392
115163
98779
115165
82397
115168
115170
98788
115173
82406
115175
98793
82409
115178
115180
82414
115183
115185
98802
82418
115188
115191
98807
82425
115196
115198
82430
98816
115201
115203
98821
115206
82439
115209
82442
115214
98830
82447
115216
98834
115219
82451
115221
115224
98841
82458
115227
98846
82463
115232
115234
115237
115239
98855
82472
115242
98860
115245
82477
115250
115252
98869
82486
115255
115257
98873
82489
115260
82494
115263
98880
82498
115268
98884
115270
115273
82505
115275
98891
115278
82510
98896
115281
115286
82519
115288
98905
82522
115291
115293
98910
82527
115296
115298
82531
115301
115303
98919
115306
82538
115308
98924
115311
82543
115313
115316
98933
115318
82552
115321
98937
115323
82557
115326
98944
115329
98948
115334
82566
115336
82569
115339
98955
115341
82574
115344
98960
82578
115347
115352
98969
82585
115354
115357
98974
82590
115359
115362
115365
98983
82599
115370
82602
115372
98988
115375
82607
115377
82611
115380
98997
115383
99001
82618
115388
115390
82623
99008
115393
115395
99012
115398
115400
82632
115403
99019
115405
82637
115408
99024
115410
115413
82646
115415
99033
82649
115418
115420
99038
82654
115423
115425
82658
115428
115430
99047
115433
82665
115435
99052
115438
82670
115440
115443
115445
99061
82679
115448
99065
115450
82682
115453
115455
82687
99072
115458
82691
115460
99076
115463
115465
82698
99083
115468
115470
82703
99088
115473
115475
115478
115480
82712
99097
115483
115485
82717
99102
115488
115490
115493
82726
115495
99111
115498
82730
115500
99116
115503
115505
82737
115508
99125
82741
115510
115513
99129
115515
82748
115518
82751
115520
99136
115523
99140
82756
115525
82759
115528
115530
99147
82764
115533
115535
99152
82768
115538
115540
115543
82775
115545
99161
82778
115548
115550
99166
82783
115553
82786
115555
115558
99175
82791
115560
115563
82795
99180
115565
115568
115570
82802
115573
99189
82805
115575
99193
115578
82810
115580
82812
115583
82815
99200
115585
82818
115588
99204
115590
82823
115593
82826
99211
115596
82831
99216
115601
82833
115603
82836
115606
82838
115609
99225
82841
82845
115614
99230
115616
115619
82852
115622
82854
99239
82857
115627
82859
99244
115629
82862
115632
82865
115635
99253
82870
115640
82872
99257
115642
82875
115645
82878
115648
99264
82883
99268
115653
82886
115655
115658
99275
82891
115661
82893
99280
82896
115666
82899
115668
115671
82904
99289
115674
82907
99294
115679
82912
115681
82915
115684
115687
99303
82920
82923
115692
99308
115694
82928
115697
82931
115700
99317
82936
115705
99321
82938
115707
82941
115710
82943
99328
115713
82946
99332
115718
82950
115720
115723
99339
82957
115726
82959
99344
82962
115731
82964
115733
82967
115736
99353
82970
115739
99358
82975
115744
82977
115746
82980
115749
99367
82983
115752
99372
82988
115757
115759
82991
115762
82996
115765
99381
82998
99385
83001
115770
115772
83004
115775
99392
83009
115778
99396
83012
115783
115785
83017
99403
115788
83020
115791
99408
83025
115796
83028
115798
115801
99417
83033
115804
83036
99422
115809
83041
115811
83043
115814
83046
99431
83048
115817
83051
99436
115822
83055
115824
115827
99445
115830
83062
83064
99449
115835
83067
115837
83069
115840
99456
83072
115843
83075
99460
115848
83080
115850
83082
99467
115853
83085
115856
99472
83088
115861
83093
115863
83096
99481
115866
115869
83101
99486
83103
115874
83106
115876
83109
115879
99495
115882
83114
99500
83117
115887
115889
83122
115892
99509
83125
115895
99513
83130
115900
83133
115902
99520
115905
83138
115908
99524
83141
115913
83146
115915
99531
83148
115918
83151
99536
115921
83153
83156
115926
115928
83160
99545
115931
115934
99550
83167
83169
115939
83172
115941
83174
99559
115944
83177
115947
99564
83180
115952
83185
115954
83187
115957
99573
83190
115960
83193
99578
115965
83198
115967
83201
115970
99587
115973
83206
99592
83208
115978
83211
115980
83214
115983
99601
115986
99603
83219
99606
83222
115991
115993
99609
83227
115996
99614
83230
115999
99619
83235
116004
116006
83238
116009
83243
116012
99628
83246
116017
99633
116019
83251
83253
116022
83256
116025
99642
83258
83261
116030
99646
116032
83265
116035
99653
116038
83272
99658
83274
116043
116045
83277
83279
116048
83282
116051
99667
83285
116056
99672
116058
83290
83292
116061
83295
116064
99681
83298
116069
99685
116071
83303
116074
83306
99692
116077
83311
99696
83313
116082
116084
83316
116087
99703
83319
116090
99708
83324
116095
83327
116097
116100
83332
99717
116103
83335
99721
116108
83340
116110
83343
99728
116113
116116
99732
83348
83351
116121
116123
99739
83356
116126
83358
99744
116129
83361
83363
116134
83366
116136
99753
83370
116139
116142
99758
83377
116147
83379
116149
83382
99767
116152
83384
116155
83387
99772
83390
116160
116162
83395
116165
99781
83399
116168
99785
116173
83406
116175
99792
83408
116178
83411
99796
116181
83414
116186
99803
83419
116188
83422
116191
99808
116194
83427
116199
83431
116201
99817
116204
99821
83438
116207
83441
116212
99828
116214
83446
99832
116217
83449
116219
116222
83454
99839
116224
83456
116227
83459
99844
116229
83461
116232
83464
83466
116235
99853
83469
116240
83472
116242
99858
116245
83477
116247
83479
116250
83482
99867
116252
83486
116255
116256
99872
116257
116259
83493
116262
83495
116264
99881
83498
116267
99885
116270
83502
116275
99892
116277
83509
83511
116280
99896
116282
83514
116285
83518
116287
99903
116290
116292
99908
83525
116295
83527
116296
116297
116298
83530
116299
116300
83532
116301
99917
116303
83535
99921
116306
83538
116308
116311
83543
99928
116313
83545
116316
99932
83548
116318
83552
116321
116323
99939
116326
83559
116328
99944
83561
116331
116332
83564
116333
116335
83568
99953
116338
116340
99958
116343
83575
116346
83578
116351
99967
83583
116353
83585
116356
99972
83588
116358
83591
116361
116363
83596
99981
116366
83599
116368
99985
116371
116372
83604
116373
116374
83606
116375
116376
99992
116377
83609
116379
99996
83612
116382
116384
83617
116387
100003
83619
116389
83622
116392
100008
116394
83626
116397
116399
100017
83633
116402
83635
116404
100021
83638
116407
116408
116409
83642
116411
100028
116414
116416
100032
83649
116419
83651
116422
83654
100039
83658
116427
100044
116429
116432
83665
116434
83667
116437
100053
83670
116439
83672
116442
100058
83675
116444
83678
116447
116448
116449
116450
116451
100067
83683
116452
116453
83685
116455
100072
83688
116458
116460
83692
116463
116465
100081
83699
116468
100085
83701
116470
83704
116473
116475
100092
83708
116478
116480
100096
116483
83715
116484
116485
83718
116487
100103
116490
83723
116492
100108
83725
116495
83728
116498
83731
100117
116503
83736
116505
100121
83739
116508
116510
100128
83744
116513
83746
116515
100132
83749
116518
116520
83752
116523
100139
116524
116525
83757
116526
116527
83759
116528
100144
116529
83762
116531
116534
83766
116536
100153
116539
116541
83773
100158
83775
116544
116546
83778
116549
83782
116551
100167
116554
116556
100172
83789
116559
83791
116560
116561
83794
116563
100181
116566
83798
116568
100185
116571
83805
116574
83807
100192
83810
116579
100196
83812
116581
83815
116584
116586
83818
100203
116589
116591
83823
100208
83825
116594
116596
83828
116599
116600
83832
116601
100217
116602
116603
116604
116605
100221
116607
83839
83841
116610
116612
100228
83844
116615
100232
83848
116617
116620
116622
100239
83855
116625
83858
116627
100244
116630
83863
116632
83865
116635
116636
83868
116637
100253
116639
83871
100256
116642
116644
83876
100261
116647
83879
100264
116650
83884
100269
83886
116655
116657
83889
100274
116660
83892
116662
116665
83897
116667
100283
83899
116670
83902
100287
116672
83906
116675
116676
116677
116678
100294
116679
116680
116681
83913
100298
116683
83915
116686
83918
116688
100305
83922
116691
116693
100310
116696
116697
83929
116698
116699
83931
116700
83934
116703
100319
83938
116708
100324
116710
116713
83945
116715
83947
100333
116718
83950
116720
83952
100337
116723
83955
116725
83958
116728
100344
116730
83963
116733
100349
83965
116735
83968
116738
116740
83972
100358
116743
116745
100363
83979
116748
83981
116750
83984
116753
116755
100372
83988
116758
116760
100376
116763
83995
116765
83998
100383
116768
116770
84003
100388
116773
84005
116775
84008
116778
84011
116780
100397
116783
84016
116785
100401
84019
116788
116790
100408
84024
116793
84026
116795
100412
84029
116798
116800
84032
116803
100419
116805
84037
84039
116808
100424
116810
84042
116813
84046
116815
100433
116818
116820
100437
84053
116823
84055
116824
116825
84058
116827
100444
116830
84062
116832
100448
116835
116837
84069
100455
84071
116840
116841
116842
84074
116843
116844
100460
84078
116847
116852
100469
84085
116854
84087
116857
100474
84090
116859
84092
116862
84095
116864
84098
116867
100483
116870
100487
84103
84105
116875
84108
116877
100494
116880
84112
116883
100499
84119
116888
84121
116890
100508
84124
116893
116896
84128
100513
116901
116903
84135
116906
100522
84138
116908
100526
116911
84143
116913
84145
116916
84148
100533
116918
84151
116921
100538
116923
84156
116926
84159
116929
100547
84164
116934
84166
100551
116936
84169
116939
84172
116942
100558
84177
100562
116947
84179
116949
84182
116952
100569
116954
84186
116957
100574
116959
84193
116962
84195
116965
84198
100583
116970
84202
100587
116972
116975
84209
116978
100594
84211
100598
84214
116983
116985
84218
116988
100605
116991
84225
100610
84227
116996
116998
84230
84232
117001
117003
100619
84235
117006
84238
117008
100624
117011
84243
117013
84245
117016
84248
100633
117018
84252
117021
100637
117024
84259
100644
117029
84261
117031
84264
100649
117034
84268
117037
117042
100658
84275
117044
84277
117047
100663
84280
117049
84282
117052
84285
117054
100672
84288
117057
117060
100676
84293
84295
117065
84298
117067
100683
84300
117070
84303
100688
117073
84305
84308
117078
84310
117080
100697
84313
117083
84316
100701
117086
84321
117091
84323
100708
117093
84326
117096
100712
84328
117098
84331
117101
117103
100719
84335
117106
117108
100724
84342
117111
84344
117113
84347
117116
100733
84350
117119
100737
84355
117124
117126
84358
100744
117129
84363
117132
100748
84365
84368
117137
117139
100755
84371
117142
117144
100760
84376
84378
117147
117149
84381
117152
100769
84385
117155
100774
117160
84392
117162
84395
117165
100783
117168
84400
84402
100787
117173
84405
117175
84407
117178
100794
84410
84412
117181
100799
84415
117186
84419
117188
117191
100808
117193
84426
117196
84428
100813
117198
84431
117201
84433
117203
84436
117206
100822
117208
84440
100826
117211
117214
84447
100833
84449
117219
84452
117221
100838
84455
117224
117227
84460
100847
84463
117232
117234
100851
84468
117237
84470
117239
84473
117242
100858
117244
84476
100862
117247
84481
117250
84483
100869
84486
117255
117257
100874
84490
117260
117263
84497
100883
117268
84500
117270
100887
117273
84505
84507
117276
100894
84510
84512
117281
100898
117283
84515
84517
117286
117288
84520
100905
117291
84524
117293
100910
117296
117298
84531
117301
84533
117303
100919
84536
117306
84538
100924
117309
84541
84545
117314
117316
100933
117319
84552
100937
117322
84554
84557
117327
100944
84560
117329
117332
100949
84565
117334
84568
117337
117339
84573
117342
100958
84575
117345
84578
100963
84581
117350
117352
84586
117355
100972
84588
117358
84591
100976
117363
84595
117364
117365
117366
117367
100983
117368
117369
117370
84602
117371
117372
100988
117373
84605
117374
117375
117376
117377
117378
84610
117379
117380
84612
117381
100997
117382
117383
84615
117384
117385
101001
84617
117386
117387
117388
84620
117389
117390
84622
117391
117392
101008
117393
84625
117394
117395
117396
101012
117397
84629
117398
117399
117400
117401
117402
117403
101019
117404
84636
117405
117406
84638
117407
117408
101024
117409
84641
117410
117411
84643
117412
117413
117414
84646
117415
117416
117417
101033
117418
84650
117419
117420
117421
101037
117422
117423
117424
117425
84657
117426
117427
84659
101044
117429
84662
117432
101048
84665
117434
117437
84670
117439
101055
84673
117442
101060
117445
84678
84680
117450
84683
117452
101069
84686
117455
117457
101074
84691
117460
84693
117462
84696
117465
117467
101083
84700
117470
117471
101087
117472
117474
84707
117477
101094
84710
117479
117482
101099
84715
117484
84717
117487
84720
117490
84722
101108
84725
117495
84727
117497
101113
84730
117500
117502
84734
117505
101122
117507
84741
117510
101126
84743
117512
84746
117515
117516
84748
117517
101133
117519
84751
117522
101138
84755
117524
117527
117529
84762
101147
117532
84764
117535
101151
84767
84770
117540
117542
101158
84775
117545
101162
84778
117547
117550
84783
117552
101169
84785
117555
101172
84788
117557
84791
117560
117561
101177
117562
117564
84796
101181
84798
117567
117569
84801
117572
101188
84805
117574
101191
117577
117580
101196
84812
101198
84815
117585
101201
117587
101204
84820
117590
84822
117592
101209
84825
117595
84827
101212
117597
84830
117600
84832
101217
117602
84835
117605
101221
117606
117607
84839
117609
117612
101228
117614
84846
101231
84848
117617
117619
84851
101236
84853
117622
101238
84856
117625
101241
101244
84860
117630
117632
101249
117635
84867
101252
117637
84869
117640
84872
101257
117642
84875
117645
101261
117647
84880
117650
117651
84883
117652
101268
117654
101271
84888
117657
84890
117659
101276
84893
117662
101278
117664
84896
101281
117667
101284
84901
117670
84903
101289
84906
117675
101292
117677
84910
117680
101297
117682
117685
101301
84917
117687
84920
117690
117692
101308
84925
117695
101311
84927
117696
117697
84930
117699
101316
84932
117702
101318
84935
117704
101321
84937
117707
117708
101324
84940
117709
117710
117711
117712
84944
117713
101329
117714
117715
117716
101332
117717
117718
117719
84951
117720
117721
101337
117722
117723
117724
84956
117725
101341
117726
117727
117728
117729
117730
117731
117732
101348
117733
84965
117734
117735
101351
117736
117737
84969
117738
117739
117740
101356
117741
117742
101358
117743
117744
84976
117745
101361
117746
117747
84979
117748
101364
117749
117750
117751
117752
84984
117753
101369
117754
117755
117756
101372
117757
84989
117758
117759
117760
117761
101377
117762
117763
117764
117765
101381
117766
84998
117767
117768
117769
117770
85002
117771
117772
101388
117773
101391
117776
85009
101396
85012
117781
117782
101398
117783
117785
101401
85017
117788
101404
85021
117790
117793
101409
117794
117795
101412
85028
117797
117800
85032
101417
117802
117805
117806
101422
117807
85039
117809
85042
117812
117814
101431
85047
117817
117819
85051
101436
117822
117824
85058
117827
117829
101445
85062
117832
117833
101449
117834
117836
85069
117839
101456
85072
117841
117844
117845
101461
85077
117846
117848
85082
117851
117853
101470
117856
117858
101474
85091
117861
117863
85095
101481
117866
117868
101486
85102
117871
117872
117873
85105
117875
117878
85110
101495
117880
85114
117883
101499
117884
117885
117887
85121
117890
101506
117892
85125
117895
101511
117897
117900
85132
117902
85135
101520
117905
117907
85140
101525
117910
117911
117912
85145
117914
117917
101534
117919
117922
101538
85154
117923
117924
117926
85158
117929
101545
117931
85165
117934
101550
117936
85168
117939
117941
85173
101559
117944
117946
85178
101563
117949
117950
117951
117953
101570
85187
117956
117958
101575
85191
117961
117962
117963
117965
85198
117968
101584
85201
117970
101588
117973
85206
117975
117978
101595
85211
117980
117983
101600
117985
117988
85220
117989
117990
117992
85224
101609
117995
117997
101614
85231
118000
118001
85234
101623
85239
101627
85244
101634
85253
101639
85257
101648
85264
85267
101652
85272
101659
85276
101664
85283
85287
101673
101677
85294
85297
101684
85302
101689
85306
85313
101698
85317
101703
85324
85327
101712
101716
85332
85337
101723
101728
85346
85350
101737
101741
85357
85360
101748
85365
101753
85369
85376
101762
85380
101766
85387
101773
85390
101778
85395
85400
101787
101792
85409
85413
101801
85420
101805
85423
101812
85428
101817
85433
101826
85442
101830
85446
101837
85453
85456
101842
85461
85466
101851
101855
85475
101862
85479
101867
85486
85489
101876
85494
101881
85499
101890
85508
101894
85512
101901
85519
101906
85522
85527
101915
85531
101919
85538
101926
85542
101931
85549
85552
101940
85557
101944
85561
101951
85568
101956
85572
85579
101965
85582
101970
85587
85592
101979
101983
85601
85605
101990
101995
85612
85615
102004
85620
102008
85624
102015
85631
85635
102020
85642
102029
85645
102033
85650
85655
102040
102045
85664
85668
102054
102059
85675
85678
85683
102068
102072
85688
102079
85697
102084
85701
85708
102093
85711
102097
85716
102104
85721
102109
85730
102118
85734
102122
85741
85744
102129
85749
102134
85754
102143
85763
102148
85767
102157
85774
102161
85777
85782
102168
85786
102173
85793
85797
102182
102186
85804
85807
102193
85812
102198
85816
102207
85823
102211
85827
102218
85834
85837
102223
85842
85847
102232
102237
85856
85860
102246
102250
85867
85870
102257
85875
102262
85879
85886
102271
85890
102275
85897
102282
85900
102287
85905
85910
102296
102300
85919
102307
85923
102312
85930
85933
102321
85938
102326
85943
102335
85952
102339
85956
102346
85963
85966
102351
85971
102360
85976
102364
85985
102371
85989
102376
85996
85999
102385
86004
102389
86009
102396
102397
102398
102400
86018
102403
86022
102407
86029
102414
86032
102419
86037
86041
102428
86048
102433
86052
102442
86059
102446
86062
86067
102453
86071
102458
86078
86082
102467
102471
86089
86092
102478
86097
102483
86102
102492
86111
102496
86115
102503
86122
102508
86125
86130
102517
86134
102521
86141
102528
86145
102533
86152
86155
102542
86160
102546
86165
102553
102558
86174
86178
102567
86185
102572
86188
86193
102581
86198
102585
86207
102592
86211
102597
86218
86221
102606
86226
102611
86231
102620
86240
102625
86244
102634
86251
86254
102639
86259
102648
86264
102653
86273
86277
102662
102667
86284
86287
102676
86292
86296
102681
86303
102690
86307
102695
86314
86317
102704
86322
102709
86326
86333
102718
86337
102723
86344
86347
102732
86352
102737
86357
102746
86366
102751
86370
102760
86377
86380
102765
86385
86389
102774
102779
86396
86400
102788
86407
102793
86410
86415
102802
86420
102807
86429
102816
86433
102821
86440
86443
102830
86448
102835
86453
102844
86462
102849
86466
86473
102858
86476
102863
86481
86485
102872
86492
102877
86496
102886
86503
86505
102891
86508
86511
102900
86516
86519
102905
86524
86527
102914
86532
102919
86535
86540
86543
102928
86548
102933
86551
86556
102942
86559
102947
86564
86567
102956
86572
86575
102961
86580
86583
102970
86588
102975
86591
86596
86599
102984
86604
102989
86608
102998
86615
86618
103003
86623
86626
103012
86631
103017
86634
86639
103026
86642
103031
86647
86649
86652
86655
103040
86660
103045
86663
86668
103054
86671
103059
86676
86678
86681
103068
86684
103073
86689
86693
103082
86700
103087
86703
86708
86711
103096
86716
103101
86720
103110
86727
86730
103115
86735
86738
103124
86743
103129
86746
86751
103138
86754
103143
86759
86761
86764
86767
103152
86772
103157
86776
103166
86783
86786
103171
86791
86794
103180
86799
103185
86802
86807
103194
86810
103199
86815
86817
86820
86823
103208
86828
103213
86832
103222
86839
86842
103227
86847
86850
103236
86855
103241
86858
86863
103250
86866
103255
86871
86873
86876
86879
103264
103265
103266
103268
86884
103271
86887
103273
103276
86892
103277
103278
103279
86895
103280
103281
103282
103284
86900
86902
103287
103289
86905
103292
86908
103293
103294
103296
86913
103299
103301
86917
103304
103305
103306
103307
103308
86924
103309
103310
86927
103312
103315
86932
103317
86935
103320
103321
103322
103324
86940
103327
86944
103329
103332
103333
103334
103335
86951
103336
103337
103338
86954
103340
103343
86959
103345
86962
103348
103349
103350
86967
103352
86970
103355
103357
86975
103360
103361
103362
86978
103363
103364
103365
103366
86983
103368
86985
103371
86988
103373
86991
103376
103377
103378
103380
86996
103383
87000
103385
103388
103389
103390
103391
87007
103392
103393
103394
87010
103396
103399
87015
103401
87018
103404
103405
103406
87023
103408
87026
103411
103413
87031
103416
103417
103418
87034
103419
103420
103421
103422
87039
103424
87041
103427
87044
103429
87047
103432
103433
103434
103435
103436
87052
103437
103438
103439
103440
87056
103441
103442
103443
103444
103445
103446
103447
87063
103448
103449
103450
87066
103451
103452
103453
103454
103455
87071
103456
103457
103458
87074
103459
103460
103461
103462
103463
87079
103464
103465
103466
87082
103467
103468
103469
103470
103471
87087
103472
103473
103474
87090
103475
103476
103477
103478
103479
87095
103480
103481
87097
103482
103483
103484
87100
87103
103488
87108
103495
87111
103500
87116
87119
87124
103509
87126
103513
87129
87132
103520
87137
103525
87141
87148
103534
87151
103539
87156
87159
103548
87164
103552
87168
103559
87175
87178
103563
87183
103570
87186
103574
87191
87194
103581
87199
103586
87202
87207
87209
103595
87212
87215
103600
87220
87224
103609
103613
87231
87234
103620
87239
103625
87242
87247
103634
87250
103639
87255
87258
87263
103648
87265
103652
87268
87271
103659
87276
103663
87280
103670
87287
103674
87290
87295
103681
87298
103686
87303
87306
103695
87311
87314
103700
87319
87321
87324
103709
87327
103713
87332
87335
103720
87340
103725
87343
87348
103734
87350
87353
103739
87356
87361
103748
87365
103752
87372
103759
87375
103763
87380
87383
103770
87388
103774
87392
103781
87399
103786
87402
87407
87410
103795
87415
103800
87418
87423
103809
87426
103813
87431
87433
103820
87436
87439
103825
87444
87448
103834
103839
87455
87458
87463
103848
87466
103852
87471
87474
103859
103863
87479
87482
103870
87487
87489
103874
71106
87492
71110
87495
103881
87500
71117
103886
87504
71122
103895
87511
87514
71131
103900
87519
71136
87522
103909
87527
103913
71145
87530
71150
87535
103920
87538
103925
87543
71159
87545
87548
71164
103934
87551
103939
87556
71173
87559
71178
103948
87564
87567
103952
71187
87572
87574
103959
71192
87577
103963
87580
87585
71201
103970
87589
103974
71206
87596
103981
87599
71215
103986
87604
71220
87607
103995
87612
71229
104000
87616
71234
87623
104009
87626
71243
104013
87631
71248
87634
104020
87639
104025
71257
87642
71262
87647
104034
87650
104039
87655
71271
87657
87660
71276
87663
104048
104052
87668
71285
87672
71290
104059
104063
87679
87682
71299
104070
87687
71304
104074
87690
87695
104081
71313
87698
104086
71318
87703
87706
104095
87711
71327
104097
87713
104100
87716
71332
104101
104102
87719
104104
104107
104108
87724
104109
71341
104111
87728
104114
71346
104115
104116
104118
87735
104121
104122
87738
104123
71355
104125
87743
104128
71360
104129
104130
87746
104131
104132
104134
87751
104137
71369
104138
87754
104139
104141
71374
87759
104144
104145
104146
87762
104148
104151
87767
71383
104152
104153
87769
104155
87772
71388
104158
104159
87775
104160
104162
87780
104165
71397
104166
104167
87783
104168
104169
71402
104171
87788
104174
104175
87791
104176
104178
71411
87796
104181
104182
87798
104183
71416
104185
87801
104188
87804
104189
104190
104192
87809
71425
104195
104196
104197
87813
71430
104199
104202
104203
104204
87820
104205
104206
87823
71439
104208
104211
104212
87828
71444
104213
104215
87831
104218
104219
104220
87836
71453
104222
87840
104225
104226
71458
104227
104229
87847
104232
104233
104234
87850
71467
104236
104239
87855
104240
71472
104241
104242
87858
104243
104245
87863
104248
104249
71481
104250
87866
104252
71486
104255
87871
104256
104257
87874
104259
104262
104263
87879
71495
104264
87881
104266
87884
71500
104269
104270
104271
87887
104273
104276
87892
104277
71509
104278
104279
104280
87896
104282
71514
104285
104286
104287
87903
104289
87906
71523
104292
104293
104294
87911
104296
71528
87914
104299
104300
104301
104303
87919
71537
104306
87922
104307
104308
104310
71542
87927
104313
104314
87930
104315
104316
104317
104318
104319
87935
71551
104321
87937
104324
87940
71556
104325
104326
87943
104328
104331
104332
87948
104333
71565
104335
87951
104338
71570
104340
87956
104343
87959
104347
71579
87964
87966
71584
87969
104354
104357
87973
71593
104362
87980
104366
71598
87984
104373
87991
71607
104377
87995
71612
104384
88002
104388
71621
88006
71626
104395
88013
104398
88017
104403
71635
104407
88024
71640
88027
104414
88032
71649
104418
88036
71654
104425
88043
104429
88047
71663
104436
71668
88054
104439
88058
104444
71677
104448
88065
71682
88069
104455
104459
71691
88076
88080
71696
104466
104470
88087
71705
88091
104477
71710
104480
88098
104485
88101
71719
104489
88106
71724
88110
104496
104500
88117
71733
88121
71738
104507
104511
88128
71747
88132
104518
104521
71753
88139
104526
88143
104530
71764
88150
104537
71769
88154
104541
88161
71778
104548
88165
71783
104552
88172
104559
88175
71792
104562
88180
71798
104567
88184
104571
88191
71809
104578
88195
104582
71814
88202
104589
104590
88206
104591
71823
104593
104596
71828
104597
88213
104598
104600
88217
104603
104604
104605
71837
104606
104607
88224
104609
71842
104612
88228
104613
104614
104616
104619
88235
71851
104620
104621
104622
104623
88239
71856
104625
104628
104629
104630
88246
104632
88249
71865
104635
104636
104637
104638
88254
71870
104639
104641
88258
104644
104645
104646
71879
104648
88265
104651
104652
71884
104653
88269
104654
104655
104657
104660
88276
104661
71893
104662
104664
88280
71898
104667
104668
104669
104670
104671
88287
104673
88291
71907
104676
104677
104678
104680
71912
88298
104683
104684
104685
104686
88302
104687
104689
71921
104692
104693
88309
104694
71926
104696
88313
104699
104700
104701
104702
104703
71935
88320
104705
88323
104708
71940
104709
104710
104712
88328
104715
104716
88332
104717
71949
104718
104719
104721
71954
88339
104724
104725
104726
88343
104728
104731
71963
104732
104733
104734
88350
104735
71968
104737
88354
104740
104741
104742
104744
88361
71977
104747
104748
104749
88365
104750
71982
104751
104753
104756
88372
104757
104758
71991
104760
88376
104763
104764
71996
104765
104766
104767
88383
104769
88387
104772
104773
72005
104774
104776
88394
72010
104779
104780
104781
88397
104782
104783
104785
88402
72019
104788
88406
104791
72024
104796
88413
104799
88415
72033
88418
104804
88422
72038
104807
104812
88429
104814
88431
72047
104817
104818
88434
104819
72052
104821
88438
104824
104826
104829
88445
72061
104830
104831
88447
104832
104833
88450
72066
104835
104838
88454
104840
104843
72075
104845
88461
88463
104848
72080
104849
104850
88466
104852
88469
104855
104857
72089
88474
104860
104861
88477
104862
72094
104863
104864
104866
88482
88484
104869
104871
88487
72103
104874
88491
104876
72108
104879
104880
104881
88498
104883
88500
72117
104886
88503
104888
72122
104891
88507
104892
104893
104894
104895
104897
88514
72131
104900
88516
104902
88519
72136
104905
104907
88523
104910
104911
104912
72145
104914
88530
88532
104917
72150
104919
88535
104922
88538
104923
104924
104925
104926
88543
72159
104928
88546
104931
72164
104933
88551
104936
88553
104938
88556
104941
72173
104942
104943
88560
104945
72178
104948
104950
88567
104953
88569
104954
104955
72187
104956
88572
104957
104959
88576
72192
104962
104964
104967
88583
104969
88585
72201
104972
88588
104973
104974
72206
104976
88592
104979
104981
88599
72215
104984
104985
88601
104986
104987
104988
88604
72220
104989
104990
104991
88607
104992
104993
104994
104995
104996
88612
104997
72229
104998
104999
88615
105000
105001
105002
72234
105003
105004
88620
105005
105006
88622
105007
105008
105009
88625
105010
105011
72243
105012
105013
88629
105014
105015
105016
72248
105017
105018
105019
105020
88636
105021
105022
88638
105023
105024
105025
88641
72257
105026
105027
105028
105029
88645
105030
72262
105031
105032
105033
105034
105035
105036
88652
105037
105038
88654
105039
72271
105040
105041
88657
105042
105044
72276
88661
105047
105051
88668
72285
88670
88673
105058
72290
105060
88676
105063
88681
105067
72299
88684
72304
88689
105074
88691
105076
88694
105079
72313
105082
88698
72318
105087
88705
105091
88707
88710
72327
105098
88714
105100
72332
105103
88721
105107
88723
72341
88726
105114
88730
72346
105116
105119
88737
105122
88739
72355
88742
105127
72360
88745
105131
88750
88753
72369
105138
105140
88758
72374
105143
88760
105147
88763
88767
72383
105154
105156
72388
88774
105159
88776
105162
88779
72397
105167
88783
72402
105171
88790
88792
105178
88795
72411
105180
105183
88799
72416
105187
88806
88808
72425
105194
88811
105196
88814
72430
105199
105202
88819
88822
105207
72439
105211
88827
72443
88829
88832
105218
72450
105220
88836
105223
72455
105227
88843
88845
88848
72464
105234
105236
88852
72469
105239
105242
88859
88861
72478
105247
88864
105251
72483
88868
105258
88875
105260
72492
88877
105263
88880
72497
105267
88883
88888
105274
72506
88891
105276
105279
72511
88896
105282
88898
88901
105287
72520
88905
105291
72525
88912
105298
88914
105300
88917
72534
105303
88921
105307
72539
88928
105314
88930
105316
72548
88933
105319
88937
72553
105322
105327
88944
88946
72562
105331
88949
72567
88952
105338
105340
88957
105343
88960
72576
105347
88965
72581
88967
105354
88970
105356
88974
72590
105359
105362
72595
88981
105367
88983
88986
105371
72604
88990
72609
105378
105380
88997
105383
88999
89002
72618
105387
89006
72623
105394
105396
89013
105399
89015
72632
105402
89018
89021
72637
105407
89026
105411
89029
72646
105418
89034
72651
105420
89036
105423
89039
105427
89043
72660
72665
105434
89050
105436
89052
105439
89055
105442
72674
89059
105447
72679
89066
105451
89068
89071
72688
105458
89075
105460
72693
105463
89082
105467
89084
72702
89087
105474
89090
72707
105476
105479
89095
105482
89098
72716
105487
89103
89105
72721
105491
89108
89112
105498
72730
105499
105500
105501
105502
89119
72735
105504
89121
105507
89124
105509
105512
89128
72744
105515
72749
89135
105520
89137
105523
89140
72758
105528
89144
105530
72763
105533
89151
105536
89153
89156
72772
105541
89159
105544
72777
89164
105549
105551
89167
105554
72786
105556
89172
89174
105559
72791
105561
89177
105564
89181
105566
72800
105569
105572
89188
72805
89190
105577
89193
105579
89197
105582
72814
105584
105587
72819
89204
105589
89206
105592
89209
105595
72828
89213
105600
72833
105602
89220
105605
89222
105607
89225
105610
72842
89228
105613
72847
89233
105618
105620
89236
105623
72856
105625
89241
89243
105628
72861
105630
89246
105633
89249
105635
105638
89254
72870
105640
105643
89259
72875
105645
105648
105650
89268
72884
105653
105655
89273
72889
105658
105661
105666
89282
72898
105668
89285
105671
72903
105673
89290
105676
89292
105679
89295
72912
89297
105684
89300
72917
105686
89303
105689
105691
89308
105694
72926
89311
105696
105699
72931
89316
105701
89318
105704
89321
105707
89323
72940
89326
105712
89329
72945
105714
105717
89334
105719
89337
105722
72954
105724
89342
105727
72959
89344
105730
89347
89349
105735
89352
72968
105737
89355
105740
72973
105742
89360
105745
89363
105748
72982
89368
105753
89370
105755
72987
89373
105758
89375
105760
89378
105763
72996
105765
89381
105768
73001
105770
89386
105773
89389
105775
105778
89394
73010
105780
89396
105783
89399
73015
105785
89401
105788
89404
105790
89407
73024
105793
105796
89412
73029
89415
105801
105803
89420
105806
73038
105808
89425
105811
73043
105814
89434
105819
73052
105821
89438
105824
73057
105826
105829
89445
105831
89449
105834
73066
105836
105839
73071
89456
105842
89459
105847
89464
73080
105849
89467
105852
73085
105854
89472
105857
105859
89476
105862
73094
105865
89483
73099
105870
89486
105872
105875
89491
73108
105877
89494
105880
73113
105883
89499
105888
89504
105890
73122
105893
73126
105895
89513
105898
105900
89517
73133
105903
105905
73138
105908
89524
105910
89526
105913
89529
105915
73147
89532
105918
105920
89537
73153
105923
89540
105925
105928
89545
105931
89547
73164
89550
105936
89553
73169
105938
105941
89558
105943
105946
89562
73178
105949
73183
89569
105954
105956
89572
105959
73192
105961
89577
105964
89580
73197
105966
105969
89585
105971
89589
105974
73206
105977
73211
89596
105982
89599
105984
105987
89604
73220
105989
89607
105992
73225
105994
89612
105997
106000
89616
73234
106005
106007
89623
73239
106010
89626
106012
106015
89631
73248
89633
106018
89636
73253
106023
89639
106025
106028
89644
106030
73262
89647
106033
106035
73267
89652
106038
89655
106040
106043
89660
73276
106045
89662
106048
89665
73281
106050
89668
106053
106055
89673
106058
73290
106060
89677
106063
73295
106066
89684
106071
89687
73304
106073
106076
89692
73309
106078
89695
106081
106084
89700
73318
89704
106089
106091
73323
106094
89711
106096
89714
106099
73332
106101
89719
106104
73337
106106
89722
106109
89727
106112
73346
89731
106117
106119
73351
106122
89738
106124
89741
106127
73360
106129
89746
106132
89749
73365
106135
89754
106140
89757
106142
73374
106145
89762
106147
73379
89765
106150
106153
89770
89772
73388
106158
89775
106160
73393
89778
106163
106165
89783
106168
106170
73402
89787
106173
106175
73407
106178
89794
106180
89797
106183
73416
106185
89802
106188
89805
73421
106190
106193
89810
106195
106198
89814
73430
106201
73435
89821
106206
106208
89824
106211
73444
106213
89829
106216
89832
73449
106219
89837
106224
89841
106226
73458
106229
106231
73463
89848
106234
89851
106236
106239
89856
73472
106241
89858
106244
89861
73477
106247
89864
106252
89869
106254
73486
89872
106257
106259
73491
89877
106262
106264
89880
106267
73500
106269
89885
89887
106272
73505
89890
106275
89893
106280
89898
73514
106283
89902
73519
106288
106290
106293
89909
106295
89912
73528
106298
106300
89917
73533
106303
89920
106305
106308
89925
106310
73542
106313
89929
106315
73547
106318
106320
89936
106323
89939
73556
106325
106328
89944
73561
106330
89947
106333
106335
89952
106338
73570
89956
106342
73575
89963
106349
89966
73584
106354
89971
73589
89974
106363
89979
106365
89982
73598
106368
106371
89987
73603
89990
106376
89995
106380
73612
89997
90000
73617
106387
90003
106392
90008
73626
90012
73631
106401
106403
90019
106406
90022
73640
106410
90027
73645
90030
106417
90035
106421
73654
90039
73659
106428
90046
106433
90049
73668
90054
90057
73673
106442
106444
90062
106447
90066
73682
106451
73687
90073
106458
90076
106462
73696
90081
90083
106469
73701
90086
106471
90089
106474
106477
90094
73710
90097
106482
73715
106486
90102
90105
73724
106493
90110
90112
73729
106498
90115
90118
73738
106507
90123
106509
90127
73743
106512
106515
90134
106520
73752
90137
106524
73757
90142
90145
106531
90150
73766
106536
90154
73771
106545
90161
106547
90164
73780
106550
90169
73785
106554
90172
106561
90177
73794
106565
90181
73799
106572
90188
90191
73808
106577
90196
73812
90199
106586
73819
106588
90204
106591
90207
73824
106595
90212
90215
73833
106602
90220
106606
90222
73838
90225
90228
106613
106615
73847
90233
106618
73852
106621
90237
106626
90244
73861
106630
90247
73866
90252
106637
90255
106642
73875
90260
90264
73880
106651
106653
90271
106656
73889
90274
106659
73894
90279
106664
90282
106668
90287
73903
106675
90291
73908
106680
90298
90301
73917
106689
90306
73922
106691
90308
106694
90311
106698
90314
73931
90319
73936
106705
90322
106709
90327
73945
90330
106716
73950
90335
106721
90337
90340
90343
73959
106730
106732
90348
73964
106735
90352
106739
73973
90359
106746
90362
73978
106750
90367
90370
73987
106757
106759
90375
73992
106762
90379
106765
74001
106770
90386
90389
106774
74006
90394
106781
90397
74015
106786
90402
74020
90406
106795
106797
90413
74029
106800
90416
74034
106803
90421
106808
90424
74043
106812
90429
90432
74048
106819
90437
106824
90440
74057
90445
74062
90447
106833
90450
106835
90453
106838
74071
106842
90458
74076
90462
106849
106853
90469
74085
90472
74090
106860
90477
90480
106865
74099
90485
74104
90489
106874
106876
106879
90496
74113
106883
90499
74118
90504
106890
90507
106894
74127
90512
90516
74132
106901
106903
106906
90523
106909
74141
90526
106914
74146
90531
90533
106918
90536
90539
74155
106925
90544
74160
106930
90547
90552
74169
106939
90555
106941
74174
106944
90560
90562
106947
90565
74183
106952
90568
106956
74188
90573
90577
106963
74197
106968
90584
74202
90587
90592
106977
106979
90595
74211
106982
90600
74216
106986
90604
106993
74225
90611
106997
90614
74230
90619
107004
90622
74239
107009
90627
74244
90631
107018
107020
74253
90638
107023
90641
74258
107027
90646
90649
107034
74267
107038
90654
74272
90657
107045
90662
107047
90665
74281
107050
107053
90670
74286
90672
107058
90675
107062
90678
74295
90683
74300
107069
90687
107074
74309
90694
90697
74314
107083
107085
90702
107088
90705
107091
74323
90710
107096
74328
90714
107100
90721
74337
107107
90724
74342
107112
90729
90732
74351
107121
90737
107123
74356
107126
90742
107130
74365
90751
107137
90754
74370
107141
90759
90761
74379
107148
90764
90768
74384
107153
90775
74393
107162
90779
107164
74398
107167
90786
107171
90789
74407
107178
90794
74412
90797
107182
90802
107189
90805
74421
107191
107194
90810
74426
90812
107197
90815
107202
90819
74435
107205
74440
107210
90826
107212
90830
107215
107217
74449
107220
90837
74454
107223
90841
107228
107230
74463
90848
107233
107236
90852
74468
107241
107243
90859
74477
107246
90863
107248
74482
107251
107254
90870
90873
107259
74491
107262
90878
74495
90882
107267
107269
74502
107272
90889
107275
74507
90892
107280
90897
107282
74516
107285
90901
107287
74521
107290
90908
107293
90912
107298
74530
107301
90919
74535
107306
90923
107308
107311
74544
107314
90930
74549
90934
107319
107321
107324
90941
107326
74558
90944
107329
74563
107332
90949
107337
90953
107339
74572
107342
90960
107345
74577
90963
107350
107352
90968
74586
107355
90972
107357
74591
107360
107363
90979
90983
107368
74600
107370
107373
74605
90990
107376
90994
107381
74614
107383
91001
107386
74619
107388
91005
107391
107394
91012
74628
107399
91015
74633
107402
91020
107407
91024
107409
74642
107412
107415
91031
74647
91034
107420
107422
91039
74656
107425
107427
91043
74661
107430
107433
91050
107438
91054
74670
107441
74675
91061
107446
107448
91065
107451
74684
107454
91072
74689
107459
91076
107461
107464
107466
74698
91083
107469
91086
74703
107472
91091
107477
107479
91095
74712
107482
107485
74717
91102
91105
107490
107492
91110
74726
107495
107497
91114
74731
107500
107503
91121
107508
74740
91125
107510
107513
74745
107516
91132
91136
107521
74754
107523
107526
91143
74759
107528
107531
91147
107534
74768
91154
107539
91157
74773
107542
91162
107547
107549
91166
74782
107552
107555
74787
91173
107560
91176
107562
74796
107565
91181
107567
91185
74801
107570
107573
91192
107578
74810
91196
107581
74815
107586
91203
107588
107591
91207
74824
107594
74829
91214
107599
107601
91218
107604
107606
74838
107609
91225
74843
107612
91228
107617
91233
107619
91235
74852
107622
91238
91240
107625
74857
91243
107630
91246
107632
74866
107635
91251
107637
91254
74871
107640
107643
91259
91262
107648
74880
107650
91267
107653
74885
91270
107656
91275
107661
91277
74894
107663
91280
107666
91283
74899
107668
107671
91288
107674
91290
74908
91293
107679
91296
74913
107682
91301
107687
91304
107689
74922
107692
91309
107695
74927
91312
107700
91317
107702
74936
107705
91321
107707
74941
107710
91328
107713
91330
91333
107718
74950
91335
107721
91338
74955
91341
107726
107728
91346
107731
91348
74964
107734
91351
74969
91354
107739
107741
91359
107744
107746
91362
74978
107749
91367
74983
107752
91370
107757
107759
91375
74992
107762
91378
107765
74997
91383
91385
107770
107772
91388
75006
107775
91391
107777
75011
107780
91396
91398
107783
91401
107788
91404
75020
107790
107793
91409
75025
107796
91412
107801
91417
75034
107803
91420
107806
75039
107808
91425
107811
91429
107814
75048
107819
91436
75053
107822
91438
91441
107827
91443
107829
91446
75062
107832
91449
107835
75067
91454
107840
91456
107842
91459
75076
107845
91462
107847
75081
107850
91467
107853
91470
107858
75090
91475
107861
91478
75095
107866
91483
107868
91486
107871
75104
107874
91491
91493
75109
107879
91496
107881
91499
107884
107886
75118
91504
107889
91506
75123
107892
91509
91512
107897
107899
75132
91517
107902
91520
107905
75137
91525
107910
107912
91528
75146
107915
107917
91533
75151
107920
91537
107923
107928
91544
75160
107930
91546
107933
91549
75165
91551
107936
91554
107941
91557
75174
107943
107946
91562
75178
107948
91564
107951
91567
75185
107954
91570
75190
107959
91575
107962
91578
107967
91583
75199
107969
91586
107972
75204
107975
91591
91594
107980
75213
107982
91599
107985
91601
75218
107987
91604
107990
91607
107993
75227
91612
107998
91614
75232
108001
91617
91620
108006
108008
91625
75241
108011
91628
108014
75246
91633
108019
91636
108021
75255
108024
91641
108026
75260
108029
91645
108032
91652
108037
75269
91654
108039
91657
108042
75274
91659
108045
91662
91665
108050
75283
108052
91670
108055
91672
75288
108057
91675
108060
108062
91678
108065
75297
108066
108067
91683
108068
108069
91686
75302
108071
108074
108075
91691
108076
108078
91694
75311
108081
108082
108083
91699
108084
75316
108085
108086
91702
108087
108089
91707
108092
108093
91709
75325
108094
108096
91712
75330
108099
91715
108100
108101
108102
108103
108104
91720
108105
91722
108107
75339
91725
108110
108111
108112
91728
75344
108114
108117
91733
108118
108119
108120
91736
108121
75353
108122
108123
108125
91741
75358
108128
91744
108129
108130
108132
91749
108135
75367
108136
108137
91753
108138
108139
108140
75372
108141
108143
91760
108146
91762
108147
108148
91765
75381
108150
91767
108153
108154
91770
75386
108155
108156
108157
91773
108158
108159
108161
91778
75395
108164
91780
108165
108166
91783
108168
75400
91786
108171
108172
108173
108174
108175
91791
108176
108177
75409
91794
108179
108182
75414
108183
91799
108184
108186
91802
108189
108190
108191
91807
75423
108192
108193
108194
91810
108195
75428
108197
91815
108200
108201
91817
108202
108204
91820
75437
108207
91823
108208
108209
108210
75442
108211
108212
91828
108213
91830
108215
91833
108218
108219
75451
108220
91836
108222
75456
108225
91841
108226
108227
108228
91844
108229
108230
108231
108233
91849
75465
108236
91852
108237
108238
75470
108240
91857
108243
108244
108245
91861
108246
108247
75479
108248
108249
108251
91868
75484
108254
91870
108255
108256
91873
108258
91875
108261
75493
108262
91878
108263
108264
108265
91881
108266
75498
108267
108269
91886
108272
91888
108274
91891
75507
108277
91894
108280
75512
91899
108285
108286
108287
91903
108289
75521
108292
108294
91910
75526
108297
91913
108299
108302
91918
75535
108304
91921
108307
75540
108309
91926
108312
91929
108314
108317
75549
108318
91934
108319
108321
91938
75554
108324
108326
108329
91945
75563
108332
91949
75568
108337
108339
91956
108342
91959
108344
75577
108347
91964
108350
75582
91968
108355
108357
91975
75591
108360
108362
91979
75596
108365
108368
91986
108373
91989
75605
108375
108378
91994
75610
108381
91998
108386
75619
108388
92005
108391
92008
75624
108394
92013
108399
92016
108401
75633
108404
92021
75638
108407
92024
108412
92029
108414
75647
108417
92033
108420
75652
92040
108425
108427
92043
75661
108430
92048
108433
75666
92051
108438
108440
92056
108443
92059
75675
108446
92064
75680
108451
92068
108453
108456
75689
108459
92075
75694
92079
108464
108466
108469
92086
75703
108472
92089
75708
108477
92094
108479
108482
92098
108485
75717
92105
108490
75722
108492
92109
108495
108498
75731
92116
108503
92119
75736
108505
108508
92124
108511
92128
75745
108516
108518
75750
92135
108521
92138
108524
92143
75759
108529
92146
108531
75764
108534
92151
108537
92154
75773
108542
92159
108544
75778
108547
92163
108550
92170
108555
75787
108557
92173
108560
75792
92178
108563
92181
108568
75801
108570
92186
108573
92189
75806
108576
92194
108581
92198
108583
75815
108586
75820
108589
92205
92209
108594
108596
75829
108599
92216
108602
75834
92219
108607
92224
108609
75843
108612
92228
108615
75848
92235
108620
108622
92239
108625
75857
108628
75861
92246
108633
92249
108635
75868
108638
92254
108641
75873
92258
108646
108648
92265
75882
108651
92268
108654
75887
92273
108659
92276
108661
108664
75896
92281
108667
92284
75901
108672
92289
108674
108677
92293
75910
108680
75915
92300
108685
108687
92303
108690
92308
75924
108693
92311
75929
108698
108700
92316
108703
92319
108706
75938
92324
108711
75943
92328
108713
108716
108719
92335
75952
92339
108724
75957
108726
108729
92346
108732
92349
75966
108737
92354
108739
75971
108742
92358
108745
75980
92365
108750
108752
92369
75985
108755
108758
92376
75994
108763
92379
108765
75999
108768
92384
108771
92388
108776
76008
108778
92395
108781
76013
92398
108784
92403
108789
92406
76022
108791
108794
92411
76027
108797
92414
108802
92419
108804
76036
108807
92423
76041
108810
92430
108815
108817
92433
76050
108820
92438
108823
76055
92441
108828
108830
92446
76064
108833
92449
108836
76069
92454
108841
92458
108843
108846
76078
108849
92465
76083
92469
108854
108856
108859
92476
76092
108862
92479
76097
108867
92484
108869
108872
92488
76106
108875
92495
76111
108880
108882
92499
108885
108888
76120
92506
108893
92509
76125
108895
108898
92514
108901
92518
76134
108906
76139
108908
92525
108911
92528
108914
76148
92533
108919
92536
108921
76153
108924
92541
108927
92544
76162
108932
92549
108934
76167
108937
92553
108940
92560
76176
108945
108947
92563
76181
108950
92568
108953
92571
108958
76190
108960
92576
108963
92579
76195
108965
108968
92584
108970
92588
76204
108973
108975
76209
108978
92595
108981
92599
108986
76218
108988
92606
108991
76223
108993
92609
108996
92614
108999
76232
92618
109004
76237
109006
109009
92625
109011
92629
109014
76246
109015
109016
109017
109018
109019
76251
109020
92636
109022
92639
109025
109027
92644
76260
109030
109032
92648
76265
109035
109036
109037
109039
92655
109042
92658
76274
109045
92663
76279
109050
92666
109052
109055
92671
76288
109057
92674
109060
76293
109063
92679
92683
109068
109070
76302
109073
92690
109075
76307
92693
109078
109081
92698
76316
92701
109086
109088
76321
92706
109091
109093
92709
109096
109097
109098
92714
76330
109099
109100
109101
109102
92718
76335
109104
109107
109109
92725
109112
76344
92729
109114
109117
76349
109118
109119
92736
109121
92739
109124
76358
109127
92744
76363
109132
92748
109134
109137
109139
92755
76372
109142
92759
109145
76377
109150
92766
109152
92769
76386
109155
109157
92774
76391
109160
92778
109163
109168
76400
92785
109170
92788
109173
76405
109175
92793
109178
109179
109180
92796
109181
109182
76414
109183
109184
92801
109186
76419
92804
109189
109191
92809
109194
109196
76428
92813
109199
109200
109201
76433
109203
92820
109206
92823
109209
76442
92828
109214
92831
76447
109216
109219
92836
109221
92839
109224
76456
109227
92844
76461
109232
92848
109234
109237
76470
109239
92855
109242
92859
76475
109245
109250
92866
109252
76484
92869
109255
109257
76489
92874
109260
109261
109262
92878
109263
109264
109265
109266
76498
109268
92885
109271
76503
109273
92889
109276
109278
92896
76512
109281
109282
109283
92899
109285
76517
109288
92904
109291
92908
76526
109296
109298
92915
76531
109301
92918
109303
109306
92923
76540
109309
92926
76544
109314
92931
109316
92934
109319
76551
109321
92939
109324
76556
109327
92943
109332
76565
109334
92950
109337
92953
76570
109339
109342
92958
109343
109344
109345
92961
109346
109347
76579
109348
109350
92966
76584
109353
92969
109355
109358
92974
109360
76593
92978
109363
109364
109365
76598
109367
92985
109370
109373
92989
76607
109378
109380
92996
76612
109383
92999
109385
109388
93004
76621
109391
93008
76626
109396
109398
93015
109401
109403
93019
76635
109406
76640
109409
93026
93029
109414
109416
76649
93034
109419
109421
93038
76654
109424
109425
109426
109427
109428
109429
93045
109430
76663
109432
93048
109435
76668
109437
93053
109440
93056
109442
109445
93061
76677
109446
109447
93064
109449
76682
109452
93069
109455
93073
76691
109460
109462
93080
76696
109465
109467
93083
109470
109472
93088
76705
109475
93091
109477
76710
109480
93096
109482
93099
109485
109487
76719
93104
109490
109492
93108
76724
109495
109497
93115
109500
76733
109502
93119
109505
76738
109507
109510
93126
109512
93129
109515
76747
109517
93134
109520
76752
109522
93138
109525
109527
93145
76761
109530
109532
93149
76766
109535
109537
109540
93156
109542
93159
76775
109545
109547
93164
76780
109550
109552
93168
109555
109557
76789
93175
109560
109562
93178
76794
109565
109567
93183
109570
93186
76803
109572
109575
93191
76808
109577
93194
109580
109582
93199
109585
76817
109587
93203
109590
76822
109592
93210
109595
109597
93213
76831
109600
109602
93218
76836
109605
93221
109607
109610
93226
109612
93229
76845
109615
109617
93234
76850
109620
109622
93238
109625
109627
76859
93245
109630
109632
76864
93249
109635
109637
109640
93256
76873
109642
93259
109645
76878
109647
93264
109650
109652
93268
109655
76887
109657
93275
109660
76892
109662
93279
109665
109669
76901
93286
93289
76906
109676
109678
93294
109681
93298
109683
76915
109686
76920
93305
109690
93308
109697
93313
76929
93316
109702
76934
93321
93324
109711
76943
109712
109713
93329
109715
76948
93333
109718
109722
93340
76957
93343
109729
76962
93348
109734
93351
76971
93356
109743
93359
109744
76976
109745
109747
93364
109750
93368
76985
109754
76990
93375
109761
93379
109766
76999
93386
77004
93389
109775
109776
109777
93394
109779
77013
109782
93398
109786
77018
93405
109793
93409
77027
109798
93416
77032
93419
109807
109808
93424
109809
77041
109811
93428
109814
77046
109818
93435
93438
77055
109825
93443
77060
109830
93446
93451
77069
93454
109839
109840
109841
77074
109843
93459
109846
93462
109850
93467
77083
93470
77088
109857
93475
93477
109862
93480
93481
77097
93482
93483
93484
93485
93486
77102
109871
93487
109872
93488
109873
93489
93490
109875
93491
93492
93493
109878
93494
93495
77111
93496
93497
109882
93498
93499
93500
77116
93501
93502
93503
93504
109889
93505
93506
93507
93508
93509
77125
109894
93510
93511
93512
93513
93514
77130
93515
93516
93517
93518
109903
93519
109904
93520
109905
93521
93522
109907
93523
77139
93524
93525
109910
93526
93527
93528
77144
93529
109914
93530
93531
93532
93533
93534
93535
93536
109921
93537
77153
93538
93539
93540
93541
109926
93542
77158
93543
93544
93545
93546
93547
93548
93549
93550
109935
93551
77167
109936
93552
109937
93553
93554
109939
93555
93556
77172
93557
109942
93558
93559
93560
93561
109946
93562
93563
93564
93565
77181
93566
93567
93568
109953
93569
93570
77186
93571
93572
109958
93574
93577
93578
93579
77195
93580
93581
109967
93583
109968
77200
109969
93586
109971
109974
93590
77209
109978
93597
77214
93599
109985
93602
93604
109990
93607
77223
93610
77227
109999
93615
110000
110001
93617
77234
110003
93620
110006
77239
93624
110010
93631
77248
110017
93633
93636
77253
110022
93640
77262
110031
93647
110032
110033
93650
110035
77267
110038
93655
93657
110042
93660
77276
93663
110049
77281
93668
110054
93671
77290
93676
93678
110063
77295
110064
110065
93681
110067
93684
110070
77304
93689
110074
93691
77309
93694
110081
93698
110086
77318
93705
93707
77323
93710
110095
110096
110097
93714
110099
77332
110102
93721
77337
110106
93723
93726
110113
93730
77346
110118
77351
93737
93739
93742
110127
110128
93744
77360
110129
110131
93747
77365
110134
93750
110138
93755
93757
77374
93760
110145
77379
93764
110150
93771
77388
93773
110159
110160
93776
110161
77393
110163
93780
110166
110170
77402
93787
93790
77407
110177
93795
93797
110182
93800
77416
93803
77421
110191
110192
93808
110193
110195
93811
110198
77430
93816
110202
93818
77435
93821
93824
110209
77444
93829
110214
93831
77449
93834
93838
110223
110224
110225
77458
110227
93845
110230
93847
77463
110234
93850
93854
77472
110241
93861
77477
110246
93863
93866
93870
77486
110255
110256
110257
110259
77491
93877
110262
93879
110266
93882
93884
77500
93887
110273
77505
93890
110278
93895
93897
77514
93900
110287
77519
110288
93904
110289
110291
110294
93911
77528
93913
110298
93916
77533
93920
110305
110310
77542
93927
93930
77547
110319
93935
110320
110321
93937
110323
93940
77556
110326
93943
77561
110330
93948
93951
110337
77570
93956
110342
93958
77575
93961
93964
110351
110352
77584
110353
93969
110355
93971
77589
110358
93974
110362
93978
77598
110369
93985
93987
77603
110374
93990
93994
77612
110383
110384
110385
94001
77617
110387
94003
110390
94006
110394
94010
77626
77631
110401
94017
94019
110405
94022
94024
77640
94027
110412
110413
77645
110414
94030
110416
110419
94035
94037
77654
110423
94040
77659
94044
110430
110432
110435
94051
77668
110437
94053
110440
94056
77673
110443
94060
110448
110449
110450
77682
94067
110452
94070
110455
77687
110456
110457
110458
110459
94075
110461
94077
110464
94080
77696
110465
110466
110467
94083
110468
77701
110470
94088
110473
110474
110475
94091
110476
110477
77710
110479
94096
110482
94098
110483
77715
110484
110485
94101
110486
110488
94104
110491
110492
77724
110493
94109
110494
110495
94111
110497
77729
94114
110500
110501
110502
94118
110503
110504
110506
77738
110509
94125
110510
110511
94127
77743
110512
110513
94130
110515
110518
94134
110519
110520
77752
110521
110522
110524
94141
77757
110527
94143
110528
110529
110530
94146
110531
110533
94150
77766
110536
110537
110538
110539
77771
110540
94157
110542
94159
110545
110546
94162
110547
110548
94164
77780
110549
110551
94167
77785
110554
94170
110555
110556
110557
110558
94175
110560
94177
77794
110563
110564
94180
110565
110566
110567
77799
94184
110569
110572
110573
110574
110575
94191
110576
77808
94193
110578
94196
110581
77813
110582
110583
110584
94200
110585
110587
110590
77822
110591
94207
110592
110593
110594
94210
77827
110596
110599
94215
110600
110601
94217
110602
110603
94220
77836
110605
94223
110608
110609
77841
110610
110611
110612
94228
110614
94231
110617
110618
77850
110619
110620
94236
110621
94238
110623
77855
94241
110626
110627
110628
94244
110629
110630
110632
77864
94249
110635
94251
110636
110637
110638
94254
77870
110639
110641
94258
110644
110645
110646
110647
110648
94265
77881
110650
94267
110653
110654
94270
77886
110655
110656
110657
94274
110659
110662
110663
77895
110664
110665
94281
110666
94283
110668
77900
94286
110671
110673
94290
110676
77909
110678
110681
94297
77913
110683
94299
110686
94302
110688
94304
77920
110691
94307
77925
110694
94310
110699
94315
110701
94317
77934
110704
94320
110707
77939
94324
110712
110714
94331
77948
110717
94333
110719
94336
77953
110722
110724
94340
110727
110729
77962
94347
110732
110734
94350
77967
110737
110739
94355
94357
110742
110744
94360
77976
110747
94363
77981
110750
94368
110755
94371
110757
77990
110760
94376
110762
94378
77995
110765
94381
110767
94384
110770
78004
110773
94389
94391
78009
110778
94394
110780
94398
110783
110786
78018
94405
110791
94407
78023
110793
94410
110796
94414
110799
78032
110804
94421
78037
110806
94423
110809
94426
110811
94429
110814
78046
110816
94434
110819
78051
94436
110821
94439
110824
110826
94442
78060
110829
110831
94447
78065
110834
94450
110836
110839
94455
94457
110842
78074
94460
110847
94463
78079
110849
110852
94468
110854
94471
78088
110857
110859
94476
78093
110862
94478
110865
94481
94484
110870
78102
110872
94489
110875
78107
94492
110878
94497
110883
94499
78116
110885
94502
110888
94504
78121
110891
94507
94509
110896
94512
110898
78130
94516
110901
110903
78135
110906
94523
110908
94526
110911
78144
110913
94531
110916
94533
78149
110918
94536
110921
94538
110923
94541
110926
78158
110928
94545
110931
78163
110934
94552
94554
110939
78172
110941
94557
110944
94560
78177
110946
110949
94565
110951
94568
110954
78186
110957
94573
94575
78191
110962
94578
110964
94581
110967
78200
110970
94586
94589
78205
110975
110977
94594
110980
94596
78214
110983
94599
94601
78219
110988
94604
110990
94606
110993
94609
110995
94611
78228
110998
94614
111000
78233
94618
111003
111005
111008
94625
111010
78242
94628
111013
111015
78247
94633
111018
94635
111020
94638
111023
94640
78256
111026
94643
78261
111031
94647
111033
111036
111038
94654
78270
94656
111041
111043
94659
78275
111046
94662
111049
94667
78284
111054
94670
111056
78289
111059
94675
94677
111062
94680
78298
111067
94683
111069
78303
111072
94688
111075
94691
111080
94696
78312
111082
94698
111085
94701
78317
111087
94703
111090
94706
111092
94708
78326
111095
94711
111097
94713
78331
111100
94716
111102
94720
111105
111107
78340
111110
94727
111112
78345
94730
111115
111118
94735
94737
78354
111123
94740
111125
94742
78359
111128
94745
111130
111133
94749
111135
78368
111138
94756
111141
78373
94758
94761
111146
111148
94764
78382
111151
94769
111154
78387
94772
111159
111161
94777
94779
111164
78396
94782
111167
94785
78401
111172
111174
94790
111177
94793
78410
111179
111182
94798
78415
111184
94800
111187
94803
111189
94805
111192
94808
78424
111194
94810
111197
94813
78429
111199
94815
111202
94818
111204
94822
78438
111207
111209
78443
111212
94829
111214
94832
111217
111218
111219
111220
78452
111221
94837
111222
111223
94839
111224
111225
78457
111226
94842
111227
111228
94844
111229
111230
111231
94847
111232
111233
111234
78466
111235
94851
111236
111237
111238
111239
78471
111240
111241
111242
94858
111243
111244
94860
111245
111246
111247
94863
111248
78480
111249
111250
94866
111251
111252
111253
78485
111254
111255
94871
111256
111257
111258
94874
111259
111260
111261
111262
78494
111263
94879
111264
111265
94881
111267
78499
94884
111270
111271
94887
111272
111274
94892
78508
111277
94895
111280
78513
94900
111285
94902
111287
94905
111290
78522
94907
111292
94910
111295
78527
94912
111298
94915
94917
111303
94920
78536
111306
94924
78541
111311
111315
94931
94934
78550
111322
94939
78555
94941
111326
94944
94946
78564
111333
94949
111336
94953
78569
111341
111344
94960
94962
78578
111349
94965
78583
111352
94968
111357
94973
94976
78592
111361
78596
94981
94983
111368
94986
111371
78603
94989
111376
78608
94994
111379
94997
111384
78617
95002
111387
95004
78622
95007
111392
95009
111396
95012
95014
78631
95017
111403
95019
78636
111406
95022
95026
111411
78645
111415
95033
78650
95036
111422
111424
95041
111427
95043
78659
95046
111431
95048
78664
95051
111438
95055
111441
78673
111446
95062
78678
95064
111450
95067
95070
78687
111457
95075
78692
111461
95077
95080
111468
95084
78701
111471
78706
95091
111476
111479
95095
78715
111484
95102
111487
78720
95106
111492
111496
95113
78729
95117
78734
111503
111506
95124
111511
78743
95128
111514
78748
111519
95135
111522
95139
78757
111527
95146
78762
111531
95151
111538
78771
111541
95160
78776
111546
95164
111550
78785
95171
111557
95174
78790
111559
111562
95179
111566
78799
95184
78804
111573
111576
95193
111581
95197
78813
111585
78818
95204
95207
111592
78827
111596
95212
95216
78832
111603
111606
95223
78841
111611
95227
111614
78846
95234
111619
95237
111622
78855
95242
111627
78860
111631
95247
78869
111638
95256
111641
78874
95260
111646
111649
95267
78883
111654
95270
78888
111657
95275
111662
95279
78897
111666
95286
78902
111673
95290
111676
78911
111681
95297
95300
78916
111685
95305
111692
95309
78925
111694
111697
78930
95316
111701
95320
78939
111708
111711
95327
78944
95330
111716
95335
111720
78953
95339
78958
111727
95346
111731
95350
78967
111738
78972
111741
95357
95360
111746
111749
95365
78981
111754
95370
78986
111757
111762
95379
78995
111766
95383
79000
111773
95390
111776
95393
79009
111781
95398
79014
111784
95403
111789
79023
111792
95412
79028
111797
95416
111801
79037
95423
111808
95426
79042
111811
95431
111816
79051
111820
95436
79056
111827
111829
95445
111832
95449
79065
111836
79070
95456
111843
95459
111846
79079
95464
111851
95468
79084
111855
95475
79093
111862
95479
111866
79098
95486
111873
95489
79107
111876
95494
79112
111881
95499
111884
111889
79121
111892
95508
79126
95512
111897
111901
95519
79135
95522
111908
79140
111911
95527
95531
111916
79149
111919
95538
79154
111924
95542
111927
79163
111932
95549
111936
95552
79168
95557
111943
95561
79177
111946
79182
111951
95568
111955
95572
79191
111962
95579
111964
79196
95582
111967
111971
95587
79205
95591
111978
79210
111981
95598
111986
95602
79219
111990
79224
95609
95612
111997
112001
95617
79233
95622
79238
112008
112011
95631
79247
112016
112019
95635
79252
112024
95642
112027
95645
79261
112032
95650
79266
112036
95655
112043
79275
112046
79279
95664
112051
95668
112054
79286
112059
95675
79291
112062
95678
112067
95683
79300
112071
95688
79305
112078
95697
112082
79314
95701
79319
112089
112092
95708
95711
79328
112097
112100
95716
79333
95720
112105
112107
112110
79342
95727
112113
95731
79347
112118
112120
95738
112123
79356
112125
95741
112128
79361
112130
95746
112133
112135
95751
112138
79370
112139
112140
112142
79375
95760
112145
112147
95764
112150
112151
112152
79384
112154
95771
112157
79389
112158
95774
112159
112160
112161
112163
95779
112166
79398
95783
112168
112171
79403
112172
112173
95790
112175
112178
95794
112180
79412
112183
112184
112185
95801
79417
112187
95804
112190
112192
95809
79426
112195
112196
112197
95813
112199
79431
112202
112203
112204
95820
112205
112206
112208
95824
79440
112211
112213
79445
95831
112216
112217
112218
95834
112220
79454
112223
95839
112225
95843
79459
112228
112229
112230
112232
95850
112235
79468
112237
95854
112240
112241
79473
112242
112244
95861
112247
112248
95864
112249
112250
79482
112251
112253
95869
79487
112256
112258
95874
112261
112262
112263
79496
112265
95883
112268
79501
112270
95887
112273
112274
112275
112277
95894
79510
112280
95897
112282
79515
112285
112286
95902
112287
112289
95907
112292
79524
112293
112294
112295
112296
79529
112298
95916
112301
112303
95920
112306
79538
112307
112308
112310
95927
79543
112313
95930
112315
112318
112319
95935
112320
79552
112322
95940
112325
79557
112327
112330
112331
112332
95949
112334
79566
112337
95953
112338
112339
79571
112340
112341
112343
95960
112346
95963
112348
79580
112351
112352
95968
112353
79585
112355
95972
112358
112360
79594
112363
95979
112364
112365
112367
95983
79599
112370
112372
95990
112375
112376
79608
112377
95993
112379
79613
112382
95998
112383
112384
112387
96003
79622
112392
112393
112394
79627
112396
96012
112399
96016
112401
112404
79636
112406
96023
112409
79641
96026
112411
112414
96031
112416
79650
112419
96035
112421
79655
112424
112426
96042
112429
96046
112432
79664
112437
96053
79669
112438
112439
96056
112441
112444
96061
112446
79678
112449
96065
112451
79683
112454
112456
96072
112459
96076
79692
112461
112464
79697
112466
96083
112469
96086
112471
112474
79706
96091
112477
96095
79711
112482
112483
112484
112486
96102
79720
112489
96106
112491
79725
112494
112496
96113
112499
96116
112501
79734
112504
96121
112506
79739
112509
96126
112511
112514
112516
79748
112519
96135
79753
112522
96139
112527
112528
112529
96146
79762
112531
96149
112534
79767
112536
96154
112539
112541
96159
112544
79776
112546
112549
79781
112551
96168
112554
112556
96172
79790
112559
112561
96179
79795
112564
96182
112567
96187
112572
79804
112573
112574
112576
96192
79809
112579
112581
112584
96201
112586
79818
112589
96205
112591
79823
112594
112596
96212
112599
96215
79832
112601
112604
96220
79837
112606
96224
112609
112612
79846
96231
112617
112618
112619
96235
79851
112620
112621
112622
112623
112624
112625
112626
96242
112627
112628
79860
112629
96245
112630
112631
112632
112633
79865
112634
96250
112635
112636
112637
112638
112639
96255
112640
112641
112642
79874
112643
112644
112645
112646
112647
79879
112648
96264
112649
112650
112651
112652
96268
112653
112654
112655
112656
79888
112657
112658
112659
96275
112660
112661
79893
112662
96278
112663
112664
112665
112666
112667
96283
112668
112669
112670
79902
112671
96287
112672
112673
112674
112675
79907
112676
112677
112678
96294
112679
112681
96298
112684
79916
112686
112689
96305
79921
112692
96308
112697
96313
79930
112699
96317
112702
79935
112704
112707
96324
112710
96328
79944
112715
112717
79949
96335
112720
96338
112723
79958
96343
112728
112730
79962
96347
112733
112735
79969
112738
96354
112741
96358
79974
112746
112748
96365
112751
79983
96368
112754
79988
96373
112759
112761
96378
112764
79997
112767
80002
96387
112772
112774
96391
112777
112779
80011
112782
96398
80016
112785
96401
112790
96406
112792
80025
112795
96411
112797
80030
112800
112803
96420
80039
112808
96424
112810
80044
112813
112815
96431
112818
96434
112821
80053
96439
112826
80058
112828
96444
112831
112833
80067
112836
96453
112839
80072
96457
112844
112846
96464
112849
80081
96467
112852
80086
96472
112857
112859
96476
112862
80095
112864
112867
96483
80100
112870
96487
112875
112877
80109
96494
112880
96497
80114
112883
96502
112888
112890
96507
80123
112893
112896
80128
96516
112901
112903
96520
80137
112906
112908
80142
112911
96527
112914
96530
112919
96535
80151
112921
96539
112924
80156
112926
112929
96546
112932
96549
80165
112937
96554
80170
112939
96557
112942
112944
96562
112947
80179
96565
112950
80184
96570
112955
112957
96573
112960
80193
112962
96578
96580
112965
80198
96583
112968
96586
112973
112975
96591
80207
112978
96595
80212
112981
112986
96602
112988
96605
80221
112991
112993
96610
80226
112996
96613
112999
96618
80235
113004
113006
96622
80240
113009
113012
96629
96632
113017
80249
113019
96637
113022
80254
96640
113025
96645
113030
80263
113032
96649
113035
80268
113037
113040
96656
96658
113043
96661
80277
96663
113048
113050
96666
80282
113053
96669
113055
113058
96674
80291
113061
96678
80296
113066
113068
96685
113071
96688
113073
80305
113076
96693
80310
113079
96696
113084
96701
113086
80319
113089
96705
113091
80324
113094
96712
113097
96714
96717
80333
113102
96719
113104
96722
80338
113107
96725
113110
96730
113115
80347
113117
96734
113120
80352
113122
113125
96741
96743
113128
80361
96746
96748
113133
80366
113135
96751
113138
96754
113141
96759
80375
113146
96763
113148
80380
113151
113154
96770
96773
80389
113159
113161
96778
80394
113164
96781
113166
113169
96786
80403
113172
96790
80408
113177
113179
96797
113182
113184
96800
80417
113187
96805
113190
80422
96808
113195
113197
96813
80431
113200
96817
113202
80436
113205
113208
96824
96827
113213
80445
113215
96832
113218
80450
96835
113220
113223
96840
113226
80459
96844
113231
80464
113233
96851
113236
96854
113239
80473
96859
113244
113246
96862
80478
113249
113251
96867
113254
96871
80487
113257
80492
113262
96878
113264
96880
113267
96883
96885
80501
113270
96888
80506
113275
96891
113277
113280
96896
113283
80515
96900
113288
80520
113290
96907
113293
96910
113295
80529
113298
96915
113301
96918
80534
113306
96923
113308
113311
96927
80543
113313
113316
80548
96934
113319
96936
96939
113324
96941
80557
113326
96944
113329
80562
113331
96947
113334
96952
113337
80571
96956
113342
113344
80576
113347
96963
113349
96965
113352
96968
80585
96970
113355
96973
80590
113360
96976
113362
113365
96981
80599
113368
96985
80604
113373
113375
96992
113378
96995
113380
80613
113383
97000
113386
80618
97003
113391
97008
113393
80627
113396
97012
113399
80632
97019
113404
113406
97022
113409
80641
97027
113412
97030
80646
113417
113419
97035
113422
97039
80655
113424
113427
80660
113430
97046
97049
113435
113437
80669
97054
113440
97057
80674
113443
97062
113448
113450
97066
80683
113453
113455
80687
97073
113458
113460
97076
80694
113463
113465
97081
80699
113468
97084
113472
97089
80708
97093
113479
113481
80713
113484
97100
97102
113487
97105
80722
97107
113492
97110
80727
113496
97113
97118
113503
80736
113505
97122
113508
80741
113512
97129
97132
80750
113519
113521
97137
80755
113524
97140
113528
97145
80764
97149
113535
113537
80769
113540
97156
97158
113543
97161
80778
97163
113548
97166
80783
113552
97169
97174
113559
80792
113561
97178
113564
80797
113568
97185
97187
97190
80806
113575
97192
113577
97195
80811
113580
97198
113584
97203
80820
113591
97207
113593
80825
113596
97214
113599
97217
80834
113604
97222
80839
113608
97225
97230
113615
80848
113617
97234
113620
80853
113624
97241
97244
80862
113631
113633
97249
80867
113636
97252
113640
97257
80876
97261
113647
113649
80881
113652
97268
113655
97271
80890
113660
97276
97279
80895
113664
97284
113671
97288
80904
113673
113676
80909
97295
113680
97298
80918
113687
97303
113689
97306
80923
113692
97311
113696
97315
80932
113703
113705
80937
97322
113708
97324
113711
97327
97329
80946
113716
97332
97335
80951
113720
97340
113727
97344
80960
113729
113732
80965
97351
113736
97354
80974
113743
97359
113745
97362
80979
113748
97367
113752
97371
80988
113759
113761
80993
97378
113764
97380
113767
97383
97385
81002
113772
97388
97391
81007
113776
97396
113783
97400
81016
113785
113788
81021
97407
113792
97409
97412
97414
81030
113799
113801
97417
81035
113804
97420
113808
97425
81044
97429
113815
113817
81049
113820
97436
113823
97439
81058
113828
97444
97447
81063
113832
97452
113839
97456
81072
113841
113844
81077
97463
113848
97466
81086
113855
97471
113857
97474
81091
113860
97479
113864
97483
81100
113871
113873
81105
97490
113876
97493
113879
97498
81114
113884
97501
81119
113888
97506
97510
113895
81128
113897
113900
97517
81133
113904
97520
97525
81142
113911
97528
113913
81147
113916
97533
113920
97537
81156
113927
97544
113929
81161
97546
113932
97549
113935
97551
97554
81170
113940
97557
81175
113944
97562
97566
113951
81184
113953
113956
97573
81189
113960
97576
97581
81198
113967
97584
113969
81203
113972
97589
113976
97593
81212
113983
97600
113985
81217
97602
113988
97605
113991
97607
97610
81226
113996
97613
81231
114000
97618
97622
114007
81240
114009
114012
97629
81245
97631
114016
97634
97636
81254
114023
97639
114025
97642
81259
114028
97647
114032
97651
81268
114039
114041
81273
97658
114044
97661
114047
97666
81282
114052
97669
81287
114056
97674
97678
114063
81296
114065
114068
97685
81301
114072
97688
97693
81310
114079
97696
114081
81315
114084
97701
114088
97705
81324
114095
97712
114097
81329
97715
114100
114103
97720
81338
97723
114108
81343
114112
97728
97732
114119
81352
114121
97739
114124
81357
97742
114128
97747
97750
81366
114135
114137
97755
81371
114140
114143
97759
114148
81380
114149
114150
97766
114152
97768
81385
114155
97771
114157
97773
114160
97776
114161
114162
81394
114163
97779
114164
114165
81397
114166
114168
97784
81402
114171
97788
114173
81405
114176
114177
114178
81410
114179
97795
114180
114181
81413
114182
97798
114184
81418
114187
97803
114189
81421
97806
114192
114193
114194
81426
114195
97811
114196
114197
81429
114198
97815
114200
81434
114203
114205
81437
97822
114208
97824
114209
114210
81442
114211
97827
114212
114213
97829
81445
114214
114216
97832
81450
114219
97835
114221
81453
114224
97840
114225
114226
81458
114227
114228
97844
114229
81461
114230
114232
81466
114235
97851
114237
97853
81469
114240
97856
114241
97857
114242
97858
81474
114243
114244
97860
114245
81477
114246
97863
114248
97865
81482
114251
97868
114253
81485
97871
114256
114257
114258
81490
114259
114260
97876
114261
81493
114262
97878
114264
97881
81498
114267
97883
114269
81501
97886
114272
114273
97889
114274
81506
114275
114276
114277
81509
114278
97894
114280
97896
81514
114283
97899
114285
97901
81517
114288
97904
114289
114290
97906
81522
114291
114292
114293
97909
81525
114294
97911
114296
97914
81530
114299
114301
97917
81533
114304
114305
114306
97922
81538
114307
114308
97924
114309
81541
114310
97927
114312
97930
81546
114315
114317
81549
97935
114320
114321
97937
114322
81554
114323
114324
97940
114325
81557
114326
97943
114328
81562
114331
97948
114333
81565
97950
114336
114337
97953
114338
81570
114339
97955
114340
114341
81573
114342
97958
114344
97960
81578
114347
97963
114349
97965
81581
114352
97968
114354
81586
97971
114357
81589
114358
114359
114360
97976
114361
97978
81594
114363
97981
81597
114366
114368
97984
81602
114371
114373
97989
81605
97991
114376
114377
114378
97994
81610
114380
97997
81613
114383
114385
98002
81618
114388
98004
81621
114390
98007
114393
98009
114394
81626
114395
114396
98012
114397
81629
98014
114399
98017
114402
81634
98019
114404
81637
98022
114407
114409
98025
81642
114412
114413
81645
114414
98030
114416
98032
81650
114419
98035
114421
81653
98038
114424
114426
81658
98043
114429
98045
81661
114430
114431
114432
98048
114433
81666
114435
98051
81669
114438
114440
98056
98058
81674
114443
114445
98061
81677
98063
114448
114449
114450
98066
81682
114452
98068
81685
114455
98071
114457
98073
81690
114460
98076
81693
114462
98079
114465
114466
81698
114467
114468
98084
114469
81701
98086
114471
98089
114474
81706
114476
98092
81709
114479
114481
98097
81714
98099
114484
114485
114486
98102
81718
114488
98105
114491
114493
81725
98110
114496
98112
81729
114498
98115
114501
98117
114502
114503
114504
98120
81736
114505
98122
114507
81739
98125
114510
98127
114512
81744
98130
114515
81748
114517
98133
114520
114521
114522
98138
81755
114524
98140
114527
98143
81759
114529
98146
114532
114534
81766
98151
114537
98153
114538
81770
114539
114540
98156
114541
114543
98159
81777
114546
114548
98164
81780
98166
114551
114553
98169
81785
98171
114556
114557
81789
114558
98174
114559
114560
98176
114562
98179
81796
114565
98181
114567
98184
81800
114570
98187
114573
81807
98192
114578
98194
81810
114580
98197
114583
81815
98200
114585
81819
114588
98205
114591
98207
98210
81826
114596
98213
114598
81830
114601
98218
114603
98220
81837
114606
98223
114608
98225
81841
114611
98228
114613
98230
114616
81848
98233
114618
98235
81851
114621
98238
114623
81856
98241
114626
114628
81860
98246
114631
98248
114633
98251
81867
114636
98254
114639
81871
98259
114644
98261
114646
81878
98264
114649
81881
114651
98267
114654
81886
98272
114657
98274
81890
98277
114662
98279
114664
81897
98282
114667
98284
114669
81901
98287
114672
98289
114675
98292
81908
98295
114680
81912
114682
98300
114685
98302
114687
81919
)


// ************************************************************************* //
